0.0 0.8323824941651786 0.9092142530582494 0.38556821871685776 0.6699330214941008 0.4583492635190774 0.47933774814330776 0.9399871665751472 0.5354897812212138 0.19242191205658213 0.4242240594909971 0.6505082360932083 0.7424506520096397 0.8473832091786567 0.5158954196505299 0.7047599025415525 1.000144257941223 1.0535455273366243 0.2611306826165055 0.8634544398456321 
0.8323824941651786 0.0 0.8034758290270805 0.4960002634715525 0.16248353727608741 0.451043109471985 0.5319059819227632 0.713547428943867 0.8801299043791899 0.6746396090301996 0.4285194761637701 0.6836860915532497 0.810471366355366 0.5260711383784199 0.6148662771770196 0.492881096610572 0.7773459106185411 0.6064453874054789 0.7446148378513466 0.4821413499805751 
0.9092142530582494 0.8034758290270805 0.0 0.9018798174226478 0.7534335140126592 0.568962141642199 0.4770220788674439 0.12845773488594414 0.45870365280923464 0.7372402277082816 0.8423014782179852 0.2595146327309321 0.19388687810412913 0.28510475453824063 0.40286394147788157 0.3288864842799464 0.1298891267587332 0.3636736010091275 0.6507254778385667 0.337637719165624 
0.38556821871685776 0.4960002634715525 0.9018798174226478 0.0 0.3450362393107286 0.33291898011868654 0.43125647983985144 0.8782982719262746 0.7051933232479277 0.3099840829882584 0.076134923038635 0.665588849935832 0.797211412440175 0.7241077503364026 0.5239246621118174 0.5986387422965093 0.94802471330309 0.9034566191150826 0.4406668064115809 0.7149757334894956 
0.6699330214941008 0.16248353727608741 0.7534335140126592 0.3450362393107286 0.0 0.3079266312267999 0.40250915357454503 0.6850535464437895 0.753308421629295 0.5139263069422351 0.2732072102909224 0.5889422152361514 0.7235490838641482 0.5010470012859746 0.49510171364442496 0.4256135680002959 0.7538016711504056 0.6326035060192959 0.5910594167680779 0.4700755223516476 
0.4583492635190774 0.451043109471985 0.568962141642199 0.33291898011868654 0.3079266312267999 0.0 0.10949378711552309 0.5505833483507294 0.45000316361482967 0.2686717715203916 0.2757987075757701 0.3392003660007661 0.4750026086678521 0.41361389223507555 0.20933236515221657 0.27647630925056677 0.6193662152898198 0.6113980771831673 0.2997328850847505 0.4180788632649286 
0.47933774814330776 0.5319059819227632 0.4770220788674439 0.43125647983985144 0.40250915357454503 0.10949378711552309 0.0 0.47610604823643454 0.3510316005397098 0.2885399585504441 0.3803262991441485 0.23444673026360213 0.3681091354551217 0.3680539080078766 0.0998575528951517 0.22547905154641362 0.5420044124098835 0.5745580084533888 0.2662848381540994 0.3864073984020873 
0.9399871665751472 0.713547428943867 0.12845773488594414 0.8782982719262746 0.6850535464437895 0.5505833483507294 0.47610604823643454 0.0 0.5440125489874809 0.7569430257013884 0.8124361558963489 0.30162042744831513 0.290375479511474 0.18787425464173768 0.4241250845788963 0.28059060637174466 0.07039369067084848 0.2355333364606926 0.6904765980826775 0.23293992748540404 
0.5354897812212138 0.8801299043791899 0.45870365280923464 0.7051933232479277 0.753308421629295 0.45000316361482967 0.3510316005397098 0.5440125489874809 0.0 0.4242774394238024 0.6791887740077857 0.266472309665476 0.2649309152490741 0.5584150748730251 0.26633582109659515 0.4576442820884528 0.5808220086048556 0.7437051508100458 0.2913862416003401 0.6034496986741702 
0.19242191205658213 0.6746396090301996 0.7372402277082816 0.3099840829882584 0.5139263069422351 0.2686717715203916 0.2885399585504441 0.7569430257013884 0.4242774394238024 0.0 0.31411908190363297 0.4780256297543506 0.5852811909145583 0.6561255477603027 0.3358621649876398 0.5134559193342583 0.8195747555816439 0.8617414649049923 0.13707351416857813 0.6711875446521113 
0.4242240594909971 0.4285194761637701 0.8423014782179852 0.076134923038635 0.2732072102909224 0.2757987075757701 0.3803262991441485 0.8124361558963489 0.6791887740077857 0.31411908190363297 0.0 0.6140328132200629 0.7484302092005723 0.6536635573493262 0.4770279195674783 0.5319495014421018 0.8825191041607022 0.8296948910493943 0.43354339420466975 0.6424706614880883 
0.6505082360932083 0.6836860915532497 0.2595146327309321 0.665588849935832 0.5889422152361514 0.3392003660007661 0.23444673026360213 0.30162042744831513 0.266472309665476 0.4780256297543506 0.6140328132200629 0.0 0.13740791644174327 0.29217346398260463 0.14671228126473818 0.20731958671826622 0.3542522846159593 0.4799563066103684 0.39404874149788854 0.3386655949779185 
0.7424506520096397 0.810471366355366 0.19388687810412913 0.797211412440175 0.7235490838641482 0.4750026086678521 0.3681091354551217 0.290375479511474 0.2649309152490741 0.5852811909145583 0.7484302092005723 0.13740791644174327 0.0 0.36091274481181346 0.27337028132781444 0.3205362996891598 0.3185545860472784 0.5114870573077814 0.4813199745752373 0.4144512494520507 
0.8473832091786567 0.5260711383784199 0.28510475453824063 0.7241077503364026 0.5010470012859746 0.41361389223507555 0.3680539080078766 0.18787425464173768 0.5584150748730251 0.6561255477603027 0.6536635573493262 0.29217346398260463 0.36091274481181346 0.0 0.354672269828377 0.14267157655772322 0.25417642838377136 0.20743830587884635 0.6209692641483514 0.05491860376156824 
0.5158954196505299 0.6148662771770196 0.40286394147788157 0.5239246621118174 0.49510171364442496 0.20933236515221657 0.0998575528951517 0.4241250845788963 0.26633582109659515 0.3358621649876398 0.4770279195674783 0.14671228126473818 0.27337028132781444 0.354672269828377 0.0 0.22264734224502794 0.48473024610359267 0.5605177380822017 0.2704182192634111 0.3860530502380827 
0.7047599025415525 0.492881096610572 0.3288864842799464 0.5986387422965093 0.4256135680002959 0.27647630925056677 0.22547905154641362 0.28059060637174466 0.4576442820884528 0.5134559193342583 0.5319495014421018 0.20731958671826622 0.3205362996891598 0.14267157655772322 0.22264734224502794 0.0 0.35082201718336936 0.3491906163912392 0.48209780198168506 0.16472078842298646 
1.000144257941223 0.7773459106185411 0.1298891267587332 0.94802471330309 0.7538016711504056 0.6193662152898198 0.5420044124098835 0.07039369067084848 0.5808220086048556 0.8195747555816439 0.8825191041607022 0.3542522846159593 0.3185545860472784 0.25417642838377136 0.48473024610359267 0.35082201718336936 0.0 0.2569175937128115 0.7473004488431194 0.2952241610835247 
1.0535455273366243 0.6064453874054789 0.3636736010091275 0.9034566191150826 0.6326035060192959 0.6113980771831673 0.5745580084533888 0.2355333364606926 0.7437051508100458 0.8617414649049923 0.8296948910493943 0.4799563066103684 0.5114870573077814 0.20743830587884635 0.5605177380822017 0.3491906163912392 0.2569175937128115 0.0 0.8281655178884929 0.1933541164873446 
0.2611306826165055 0.7446148378513466 0.6507254778385667 0.4406668064115809 0.5910594167680779 0.2997328850847505 0.2662848381540994 0.6904765980826775 0.2913862416003401 0.13707351416857813 0.43354339420466975 0.39404874149788854 0.4813199745752373 0.6209692641483514 0.2704182192634111 0.48209780198168506 0.7473004488431194 0.8281655178884929 0.0 0.6465472834905072 
0.8634544398456321 0.4821413499805751 0.337637719165624 0.7149757334894956 0.4700755223516476 0.4180788632649286 0.3864073984020873 0.23293992748540404 0.6034496986741702 0.6711875446521113 0.6424706614880883 0.3386655949779185 0.4144512494520507 0.05491860376156824 0.3860530502380827 0.16472078842298646 0.2952241610835247 0.1933541164873446 0.6465472834905072 0.0 
