0.0 0.37463046445650267 0.4659411524621941 0.8401998353282343 0.39045888200708695 0.09688377042125684 0.8018155782337814 0.7073359167192916 0.5787965765590942 0.08910871285293255 0.7698943275033283 0.5081995091028979 0.5041535425664109 0.5626640616437243 0.8626053089629953 0.3928511370219334 0.5510638550784395 0.16187376464513029 0.8638502655002792 0.16684954418870498 
0.37463046445650267 0.0 0.7057354475399805 0.5971073135532402 0.35417311835289184 0.40152927687425116 0.9632316400025608 0.6449487700800405 0.22264450234941632 0.328743116099323 0.5608654451363717 0.21339881870174235 0.1327557965043089 0.4281442007543568 0.7516515675955341 0.10220468124339996 0.4657585762539515 0.3183358540149459 0.8181514478949398 0.5396307042006077 
0.4659411524621941 0.7057354475399805 0.0 0.8474020545679525 0.4245498736135004 0.5498419957894538 0.35182104397420205 0.5325304436872904 0.8195587107504088 0.4295553337190873 0.7533655732595559 0.6999560017227417 0.7945313522832899 0.5528733680899304 0.6939865008845723 0.6532507452194696 0.49191200999066004 0.39944846897098857 0.6148654746120042 0.45680031049378517 
0.8401998353282343 0.5971073135532402 0.8474020545679525 0.0 0.4777540973237459 0.9145349466579268 0.8828147958020395 0.3712443984656265 0.4266576285632969 0.7540611589315712 0.09508852795663647 0.3837533076666328 0.516596473209856 0.3052388337454836 0.3176798840992873 0.5065105216562733 0.35703034048348864 0.6886617275024252 0.46261069016383743 0.989840815786264 
0.39045888200708695 0.35417311835289184 0.4245498736135004 0.4777540973237459 0.0 0.47955006505852577 0.6189387457683098 0.3293705955707655 0.40398863360617787 0.30143086632822713 0.39532842187373124 0.2798646176147149 0.40034825010475533 0.17813693981076897 0.4751571035855938 0.26817990473252495 0.16108140357409872 0.2288214787883346 0.4979650683542305 0.5221891842556259 
0.09688377042125684 0.40152927687425116 0.5498419957894538 0.9145349466579268 0.47955006505852577 0.0 0.8917825554960526 0.8009204257511118 0.6187455501232972 0.18050489153377677 0.8488989663289568 0.5643697347424314 0.5342713818706794 0.6473591927908978 0.9539500426357028 0.44146120513371095 0.6406307644070712 0.25371616749768383 0.9592740950904212 0.16279718658909298 
0.8018155782337814 0.9632316400025608 0.35182104397420205 0.8828147958020395 0.6189387457683098 0.8917825554960526 0.0 0.5117103400003012 1.0129952879532182 0.7488965861408075 0.7914985369072366 0.8870361345948024 1.019133311926444 0.6589149042789512 0.6199469758425162 0.8858376144645251 0.5892158825540789 0.7001844008842867 0.48414202890017394 0.8084891601278149 
0.7073359167192916 0.6449487700800405 0.5325304436872904 0.3712443984656265 0.3293705955707655 0.8009204257511118 0.5117103400003012 0.0 0.5947129983351377 0.6204330002202848 0.28137471186107155 0.48181120348959827 0.6399339933610786 0.22236639283674273 0.16711546009742592 0.5443384460563176 0.18040359530829067 0.5472258393819068 0.17343545050782536 0.8153044708812259 
0.5787965765590942 0.22264450234941632 0.8195587107504088 0.4266576285632969 0.40398863360617787 0.6187455501232972 1.0129952879532182 0.5947129983351377 0.0 0.5160529875495675 0.42007504369242143 0.12601823383621857 0.10025957941324287 0.3774407540783358 0.6555316131505016 0.18907814958490382 0.4393952686822175 0.48196820681573316 0.7569157569363614 0.7456369169223234 
0.08910871285293255 0.328743116099323 0.4295553337190873 0.7540611589315712 0.30143086632822713 0.18050489153377677 0.7488965861408075 0.6204330002202848 0.5160529875495675 0.0 0.6821585501373751 0.4342250624561949 0.4508985079634178 0.47374522049155837 0.7743275498710783 0.32714696822393335 0.4621732723121251 0.07337689851108924 0.7792901850662733 0.24006640042868563 
0.7698943275033283 0.5608654451363717 0.7533655732595559 0.09508852795663647 0.39532842187373124 0.8488989663289568 0.7914985369072366 0.28137471186107155 0.42007504369242143 0.6821585501373751 0.0 0.3506156566316625 0.49918568292263166 0.21853103583993796 0.2566903175073131 0.4637768145926242 0.26480212856668367 0.6140665808335155 0.39087761185188785 0.9140482659579338 
0.5081995091028979 0.21339881870174235 0.6999560017227417 0.3837533076666328 0.2798646176147149 0.5643697347424314 0.8870361345948024 0.48181120348959827 0.12601823383621857 0.4342250624561949 0.3506156566316625 0.0 0.15971768649909796 0.2603295588537558 0.5613834951785205 0.12735235485226348 0.31803492303044545 0.38794339225416763 0.6493038694918415 0.6724216721023742 
0.5041535425664109 0.1327557965043089 0.7945313522832899 0.516596473209856 0.40034825010475533 0.5342713818706794 1.019133311926444 0.6399339933610786 0.10025957941324287 0.4508985079634178 0.49918568292263166 0.15971768649909796 0.0 0.41767387938415274 0.7202010253336837 0.14129336705898043 0.47101231731874366 0.4284805589649891 0.8085838408248043 0.6702162026088774 
0.5626640616437243 0.4281442007543568 0.5528733680899304 0.3052388337454836 0.17813693981076897 0.6473591927908978 0.6589149042789512 0.22236639283674273 0.3774407540783358 0.47374522049155837 0.21853103583993796 0.2603295588537558 0.41767387938415274 0.0 0.3275887171129714 0.32625188148038825 0.06996373038565212 0.4029654721073999 0.3929932080263812 0.6998509160841823 
0.8626053089629953 0.7516515675955341 0.6939865008845723 0.3176798840992873 0.4751571035855938 0.9539500426357028 0.6199469758425162 0.16711546009742592 0.6555316131505016 0.7743275498710783 0.2566903175073131 0.5613834951785205 0.7202010253336837 0.3275887171129714 0.0 0.6494772441339537 0.31478280511721024 0.7009874627558136 0.15067096447386208 0.9780085564509423 
0.3928511370219334 0.10220468124339996 0.6532507452194696 0.5065105216562733 0.26817990473252495 0.44146120513371095 0.8858376144645251 0.5443384460563176 0.18907814958490382 0.32714696822393335 0.4637768145926242 0.12735235485226348 0.14129336705898043 0.32625188148038825 0.6494772441339537 0.0 0.3661661552336549 0.2943315362918424 0.717256449457131 0.5592893923071153 
0.5510638550784395 0.4657585762539515 0.49191200999066004 0.35703034048348864 0.16108140357409872 0.6406307644070712 0.5892158825540789 0.18040359530829067 0.4393952686822175 0.4621732723121251 0.26480212856668367 0.31803492303044545 0.47101231731874366 0.06996373038565212 0.31478280511721024 0.3661661552336549 0.0 0.3892147584550378 0.3537676965203663 0.677043440137503 
0.16187376464513029 0.3183358540149459 0.39944846897098857 0.6886617275024252 0.2288214787883346 0.25371616749768383 0.7001844008842867 0.5472258393819068 0.48196820681573316 0.07337689851108924 0.6140665808335155 0.38794339225416763 0.4284805589649891 0.4029654721073999 0.7009874627558136 0.2943315362918424 0.3892147584550378 0.0 0.7069996584545903 0.30122128185353214 
0.8638502655002792 0.8181514478949398 0.6148654746120042 0.46261069016383743 0.4979650683542305 0.9592740950904212 0.48414202890017394 0.17343545050782536 0.7569157569363614 0.7792901850662733 0.39087761185188785 0.6493038694918415 0.8085838408248043 0.3929932080263812 0.15067096447386208 0.717256449457131 0.3537676965203663 0.7069996584545903 0.0 0.9579351994521602 
0.16684954418870498 0.5396307042006077 0.45680031049378517 0.989840815786264 0.5221891842556259 0.16279718658909298 0.8084891601278149 0.8153044708812259 0.7456369169223234 0.24006640042868563 0.9140482659579338 0.6724216721023742 0.6702162026088774 0.6998509160841823 0.9780085564509423 0.5592893923071153 0.677043440137503 0.30122128185353214 0.9579351994521602 0.0 
