0.0 0.2580550452659537 0.6049318561498099 0.10384486673558294 0.26222967941872677 0.6222998976485077 0.35503699070446393 0.3427386050078557 0.3555549128316295 0.31506005496646927 0.35424939905121794 0.7044619091356958 0.11070136385527247 0.8140052888832616 0.4588019303112084 0.8238839687704259 0.4196066754097816 0.2812815446825445 0.21810542347245332 0.06555887688210939 
0.2580550452659537 0.0 0.7174194301628182 0.3070659718801514 0.5076406834817545 0.8406883083229147 0.6129692268925406 0.5961511356351438 0.34454845551249275 0.18580434468747606 0.5989060140340374 0.670453903882479 0.29764319286676244 0.7559592555417188 0.696259845317706 0.9421690036946302 0.19362647223447338 0.1426217116248678 0.3865620183361066 0.3167460355942116 
0.6049318561498099 0.7174194301628182 0.0 0.5012750470092006 0.477868428046216 0.386615052378631 0.6018794909422672 0.527484140669049 0.3983947467002744 0.87352911828408 0.747644295026182 0.3883891291988968 0.7067579552926252 0.49518828832629935 0.43714373359877323 0.22525606831236297 0.9084787298374365 0.8294144630981254 0.3872942406261509 0.5606739615698274 
0.10384486673558294 0.3070659718801514 0.5012750470092006 0.0 0.20472767871288292 0.5388223309214779 0.33278895653955837 0.29949678744430835 0.28734459691913267 0.404147950795469 0.37930749498258953 0.6241242980342457 0.208082086384644 0.7380586744413931 0.38919974155596027 0.7200633168864554 0.4892609971373789 0.36574953124196585 0.11426112249160908 0.07052350140938855 
0.26222967941872677 0.5076406834817545 0.477868428046216 0.20472767871288292 0.0 0.3710553256273955 0.1529904668663735 0.0986625428166319 0.4364907149642153 0.5747419775865301 0.2719157042203012 0.7204473886807458 0.3106934812278233 0.8408657056171416 0.19764167735956464 0.6653708833175999 0.6807501988903194 0.5430025452550012 0.19361790315128843 0.1969080247802992 
0.6222998976485077 0.8406883083229147 0.386615052378631 0.5388223309214779 0.3710553256273955 0.0 0.39319252309643143 0.33762611811494364 0.6366740574406612 0.9372422899568731 0.555263112229133 0.7650298121869961 0.6816812083734263 0.8778235446071345 0.18522978547339922 0.4474535408872459 1.0275994312312806 0.9017983421607098 0.4571213168846737 0.5575479623146267 
0.35503699070446393 0.6129692268925406 0.6018794909422672 0.33278895653955837 0.1529904668663735 0.39319252309643143 0.0 0.07441214896608975 0.587580274663034 0.6412496594625479 0.16344857419257797 0.8711346030065144 0.35784080408626906 0.9918476603983006 0.2114335375829217 0.7660721407077796 0.766832685101975 0.6177360001918829 0.3452215671980904 0.298247184029847 
0.3427386050078557 0.5961511356351438 0.527484140669049 0.29949678744430835 0.0986625428166319 0.33762611811494364 0.07441214896608975 0.0 0.5329632432869053 0.6460263162213159 0.23132090062076838 0.8034020344726357 0.36848772117839385 0.9243194496113327 0.15240265037946477 0.6934291259457478 0.7618220456477256 0.6180980458581514 0.2904526787399073 0.27997916564779285 
0.3555549128316295 0.34454845551249275 0.3983947467002744 0.28734459691913267 0.4364907149642153 0.6366740574406612 0.587580274663034 0.5329632432869053 0.0 0.522693239848961 0.6631170915390768 0.3524611800720663 0.46371897762980235 0.45877333056300623 0.556310910432249 0.6162607979858968 0.5247460558005739 0.4772951674521021 0.2428744708417478 0.35513841823732234 
0.31506005496646927 0.18580434468747606 0.87352911828408 0.404147950795469 0.5747419775865301 0.9372422899568731 0.6412496594625479 0.6460263162213159 0.522693239848961 0.0 0.5786456055846031 0.855830706596801 0.28389968917799063 0.9416217799040206 0.7722948830370389 1.0985569491455243 0.1520442250248726 0.0454461252797068 0.5084926692618813 0.38025999306628694 
0.35424939905121794 0.5989060140340374 0.747644295026182 0.37930749498258953 0.2719157042203012 0.555263112229133 0.16344857419257797 0.23132090062076838 0.6631170915390768 0.5786456055846031 0.0 0.9792233610765386 0.30614883726536934 1.0979794973652603 0.37483867149189837 0.9234843475612464 0.7204326805836545 0.5657354387065919 0.4351866449754186 0.3199974365424152 
0.7044619091356958 0.670453903882479 0.3883891291988968 0.6241242980342457 0.7204473886807458 0.7650298121869961 0.8711346030065144 0.8034020344726357 0.3524611800720663 0.855830706596801 0.9792233610765386 0.0 0.8141495712718357 0.12097702039421099 0.7671356709912432 0.5067811075694416 0.8231102700599866 0.8115016803478723 0.544586351946909 0.6945137823980043 
0.11070136385527247 0.29764319286676244 0.7067579552926252 0.208082086384644 0.3106934812278233 0.6816812083734263 0.35784080408626906 0.36848772117839385 0.46371897762980235 0.28389968917799063 0.30614883726536934 0.8141495712718357 0.0 0.9224921260819555 0.5056057460788334 0.9219551972667488 0.41717671466267503 0.2638338157815643 0.3200475804158598 0.14645892412530376 
0.8140052888832616 0.7559592555417188 0.49518828832629935 0.7380586744413931 0.8408657056171416 0.8778235446071345 0.9918476603983006 0.9243194496113327 0.45877333056300623 0.9416217799040206 1.0979794973652603 0.12097702039421099 0.9224921260819555 0.0 0.8868564526019244 0.581738165513012 0.893506932828993 0.8984678542189491 0.6628763454937439 0.8080798785590384 
0.4588019303112084 0.696259845317706 0.43714373359877323 0.38919974155596027 0.19764167735956464 0.18522978547339922 0.2114335375829217 0.15240265037946477 0.556310910432249 0.7722948830370389 0.37483867149189837 0.7671356709912432 0.5056057460788334 0.8868564526019244 0.0 0.5702434575154527 0.8750454215432352 0.7400180900729929 0.33433574961884155 0.39325110232195376 
0.8238839687704259 0.9421690036946302 0.22525606831236297 0.7200633168864554 0.6653708833175999 0.4474535408872459 0.7660721407077796 0.6934291259457478 0.6162607979858968 1.0985569491455243 0.9234843475612464 0.5067811075694416 0.9219551972667488 0.581738165513012 0.5702434575154527 0.0 1.1325251289470213 1.0545449084895913 0.6058541467098907 0.7755268788999551 
0.4196066754097816 0.19362647223447338 0.9084787298374365 0.4892609971373789 0.6807501988903194 1.0275994312312806 0.766832685101975 0.7618220456477256 0.5247460558005739 0.1520442250248726 0.7204326805836545 0.8231102700599866 0.41717671466267503 0.893506932828993 0.8750454215432352 1.1325251289470213 0.0 0.15480101842807664 0.5775847385180257 0.48414677437042786 
0.2812815446825445 0.1426217116248678 0.8294144630981254 0.36574953124196585 0.5430025452550012 0.9017983421607098 0.6177360001918829 0.6180980458581514 0.4772951674521021 0.0454461252797068 0.5657354387065919 0.8115016803478723 0.2638338157815643 0.8984678542189491 0.7400180900729929 1.0545449084895913 0.15480101842807664 0.0 0.4675841032720194 0.3468360131237492 
0.21810542347245332 0.3865620183361066 0.3872942406261509 0.11426112249160908 0.19361790315128843 0.4571213168846737 0.3452215671980904 0.2904526787399073 0.2428744708417478 0.5084926692618813 0.4351866449754186 0.544586351946909 0.3200475804158598 0.6628763454937439 0.33433574961884155 0.6058541467098907 0.5775847385180257 0.4675841032720194 0.0 0.17516737450345243 
0.06555887688210939 0.3167460355942116 0.5606739615698274 0.07052350140938855 0.1969080247802992 0.5575479623146267 0.298247184029847 0.27997916564779285 0.35513841823732234 0.38025999306628694 0.3199974365424152 0.6945137823980043 0.14645892412530376 0.8080798785590384 0.39325110232195376 0.7755268788999551 0.48414677437042786 0.3468360131237492 0.17516737450345243 0.0 
