0.0 0.6889109649895553 1.2805973003027757 0.7339163631784155 1.2094664407638736 0.44386378593412495 0.37229811759012815 0.8121410441328799 1.1382342908095702 1.2051527035984364 0.8083030714254565 0.8757369847153622 0.9122245984428771 0.8185228294331891 0.9640654447946416 0.3599754069089775 0.3719984094763663 0.4190650308271389 0.39573173780787857 0.4352910668184298 
0.6889109649895553 0.0 0.5927881312618823 0.1132077731909037 0.520719934200626 0.28423103829720603 0.5090267002473933 0.5456345457625653 0.4508082294539213 0.5165632768423678 0.46931724970101163 0.3346801960371297 0.23389132699796636 0.1393415561724315 0.4641647903915231 0.35021585708294245 0.47087070517949353 0.3296252785146872 0.5905871594580951 0.4293126267702134 
1.2805973003027757 0.5927881312618823 0.0 0.575174035299421 0.09683246659903784 0.8533456778602925 1.0711361577468999 0.8938245428713041 0.14240386813669265 0.10471611664171061 0.8083146476122213 0.5276917154297054 0.3927895301938307 0.47477648466959915 0.5649702001916385 0.9309005827611752 1.013843026373746 0.9076954251282121 1.1129329305718163 0.9552565976914992 
0.7339163631784155 0.1132077731909037 0.575174035299421 0.0 0.49149197280950313 0.3707449302215648 0.49641614496542924 0.44860501934322244 0.43904207418974134 0.4859380858712362 0.367631068338103 0.4254105131021846 0.1846124194950818 0.10401443699614688 0.554435888349898 0.42326294733172637 0.5621670882762508 0.3352361303523294 0.6855539195431004 0.527558749874641 
1.2094664407638736 0.520719934200626 0.09683246659903784 0.49149197280950313 0.0 0.7916050242506781 0.9851292189797937 0.797075434768419 0.09660511296460995 0.008084845019973235 0.7117021788704999 0.5075740139275582 0.30707774320943737 0.3945904059098568 0.5662955726707462 0.8660753735355144 0.9605663908416008 0.82626064443703 1.0655513742654965 0.9050649127141318 
0.44386378593412495 0.28423103829720603 0.8533456778602925 0.3707449302215648 0.7916050242506781 0.0 0.42066501058449435 0.6779344470971873 0.7116730217312244 0.7883985923923722 0.6266834993978188 0.43619336001651726 0.5178412412825492 0.4235719888409826 0.5366097072555409 0.08423765311702794 0.19177066427222592 0.26239447226306045 0.31660540827735434 0.16729661639833635 
0.37229811759012815 0.5090267002473933 1.0711361577468999 0.49641614496542924 0.9851292189797937 0.42066501058449435 0.0 0.4421694780059907 0.9353864662448914 0.9791309550337836 0.44836453601650017 0.8062947082376697 0.6786867745699753 0.5990189405571633 0.9254825040303273 0.36746284676584645 0.5103780468277069 0.18410767560452349 0.610103643545847 0.5383586070195397 
0.8121410441328799 0.5456345457625653 0.8938245428713041 0.44860501934322244 0.797075434768419 0.6779344470971873 0.4421694780059907 0.0 0.7905764251709829 0.7893009369019502 0.087923795074616 0.8737802079167198 0.5496695886534135 0.5271694806660439 1.0029932050143653 0.6766795413746913 0.8440562435022491 0.44849203530703563 0.9656832221233379 0.841483803169818 
1.1382342908095702 0.4508082294539213 0.14240386813669265 0.43904207418974134 0.09660511296460995 0.7116730217312244 0.9353864662448914 0.7905764251709829 0.0 0.09812863443382337 0.7032118029099041 0.4110328700051173 0.26143113138095125 0.33668967253704263 0.4716384019365888 0.7887570231220963 0.8749167289572239 0.7686565012887895 0.9768149356131698 0.8176208529968102 
1.2051527035984364 0.5165632768423678 0.10471611664171061 0.4859380858712362 0.008084845019973235 0.7883985923923722 0.9791309550337836 0.7893009369019502 0.09812863443382337 0.0 0.7039934144411989 0.5085722055116773 0.30141573274747585 0.38957394936115075 0.5689817718776795 0.8625161439898379 0.9581430962858521 0.8208579075451489 1.0636627858955723 0.90296451912904 
0.8083030714254565 0.46931724970101163 0.8083146476122213 0.367631068338103 0.7117021788704999 0.6266834993978188 0.44836453601650017 0.087923795074616 0.7032118029099041 0.7039934144411989 0.0 0.7928994888727808 0.4618652693143528 0.4417791345548578 0.9216032532962037 0.6350328107756941 0.8016666248884791 0.4182721949116341 0.925733743816422 0.7929166102376937 
0.8757369847153622 0.3346801960371297 0.5276917154297054 0.4254105131021846 0.5075740139275582 0.43619336001651726 0.8062947082376697 0.8737802079167198 0.4110328700051173 0.5085722055116773 0.7928994888727808 0.0 0.3980459411129581 0.3637763572317401 0.12968079818849085 0.5199542802071649 0.5400675547546178 0.6226025910605878 0.6155616403557235 0.47388626078084783 
0.9122245984428771 0.23389132699796636 0.3927895301938307 0.1846124194950818 0.30707774320943737 0.5178412412825492 0.6786867745699753 0.5496695886534135 0.26143113138095125 0.30141573274747585 0.4618652693143528 0.3980459411129581 0.0 0.09522256035173453 0.5124466431217588 0.5834067192154585 0.7020405757737186 0.5197880816285794 0.8187611315965022 0.6561677768999209 
0.8185228294331891 0.1393415561724315 0.47477648466959915 0.10401443699614688 0.3945904059098568 0.4235719888409826 0.5990189405571633 0.5271694806660439 0.33668967253704263 0.38957394936115075 0.4417791345548578 0.3637763572317401 0.09522256035173453 0.0 0.4883256197049965 0.4882414418150817 0.6093845374288464 0.4329426059113832 0.727701698126545 0.5655641871772523 
0.9640654447946416 0.4641647903915231 0.5649702001916385 0.554435888349898 0.5662955726707462 0.5366097072555409 0.9254825040303273 1.0029932050143653 0.4716384019365888 0.5689817718776795 0.9216032532962037 0.12968079818849085 0.5124466431217588 0.4883256197049965 0.0 0.6178814868693999 0.6091072711545049 0.7429768544344165 0.6640689103458985 0.5415538565288659 
0.3599754069089775 0.35021585708294245 0.9309005827611752 0.42326294733172637 0.8660753735355144 0.08423765311702794 0.36746284676584645 0.6766795413746913 0.7887570231220963 0.8625161439898379 0.6350328107756941 0.5199542802071649 0.5834067192154585 0.4882414418150817 0.6178814868693999 0.0 0.1673857615728693 0.2356648126348662 0.2907142211590031 0.174947657643626 
0.3719984094763663 0.47087070517949353 1.013843026373746 0.5621670882762508 0.9605663908416008 0.19177066427222592 0.5103780468277069 0.8440562435022491 0.8749167289572239 0.9581430962858521 0.8016666248884791 0.5400675547546178 0.7020405757737186 0.6093845374288464 0.6091072711545049 0.1673857615728693 0.0 0.4007656036071326 0.12604781517392744 0.06755369717166917 
0.4190650308271389 0.3296252785146872 0.9076954251282121 0.3352361303523294 0.82626064443703 0.26239447226306045 0.18410767560452349 0.44849203530703563 0.7686565012887895 0.8208579075451489 0.4182721949116341 0.6226025910605878 0.5197880816285794 0.4329426059113832 0.7429768544344165 0.2356648126348662 0.4007656036071326 0.0 0.5191227642994402 0.4090114750154262 
0.39573173780787857 0.5905871594580951 1.1129329305718163 0.6855539195431004 1.0655513742654965 0.31660540827735434 0.610103643545847 0.9656832221233379 0.9768149356131698 1.0636627858955723 0.925733743816422 0.6155616403557235 0.8187611315965022 0.727701698126545 0.6640689103458985 0.2907142211590031 0.12604781517392744 0.5191227642994402 0.0 0.1627687425558104 
0.4352910668184298 0.4293126267702134 0.9552565976914992 0.527558749874641 0.9050649127141318 0.16729661639833635 0.5383586070195397 0.841483803169818 0.8176208529968102 0.90296451912904 0.7929166102376937 0.47388626078084783 0.6561677768999209 0.5655641871772523 0.5415538565288659 0.174947657643626 0.06755369717166917 0.4090114750154262 0.1627687425558104 0.0 
