0.0 0.5453803188551923 0.5320662244448513 0.05807015584325888 0.7841853112351059 0.28059581582665133 0.698005614063861 0.8936680034182872 0.4751658565013454 0.4063080890808177 0.908634243156939 0.23956923704512126 0.2154774135022754 0.7793812876374876 0.2585804764043607 0.7877413374976685 0.2973707222045522 0.6908140122273991 0.20275879419855028 0.68490259282821 
0.5453803188551923 0.0 0.44271527226895474 0.49608818815147 0.24126863129821866 0.532055686146862 0.17577132685048236 0.371128764318031 0.22236295559071345 0.5433836497420264 0.3728676647275753 0.5915905628764405 0.3925579183019288 0.4516140180359645 0.28731964157745604 0.26031311459316026 0.5606918000876753 0.5829620255272603 0.46133214957454644 0.15014165504856106 
0.5320662244448513 0.44271527226895474 0.0 0.5238588414254673 0.559495258377578 0.7174247418940166 0.6012355348269384 0.5762106427360794 0.22151005978517774 0.2004364614887817 0.6214785566217808 0.38267767689756693 0.5551410189441598 0.8882300528708884 0.39793586126701386 0.5131161136319793 0.30680345828006755 0.9638033167150847 0.6130966371063891 0.4709315860830882 
0.05807015584325888 0.49608818815147 0.5238588414254673 0.0 0.7363267194597592 0.24062269525688873 0.6445973678210885 0.8505551451161513 0.4436896951057044 0.4184490764664208 0.8630389839888338 0.2726523104116178 0.15782679414537298 0.7214795332319234 0.21218085047178115 0.7432248918035781 0.3196939544516133 0.6384234374240233 0.15217513136780397 0.6384956164464407 
0.7841853112351059 0.24126863129821866 0.559495258377578 0.7363267194597592 0.0 0.7629236167031758 0.1672322028525693 0.1550718635958022 0.3802069985278947 0.713333835209155 0.13668581353680442 0.8035060585729084 0.6319603794243792 0.5023014574611698 0.5256132072447528 0.07273407758877996 0.7594766179275453 0.7171743921270786 0.6994905986186969 0.10315073773790208 
0.28059581582665133 0.532055686146862 0.7174247418940166 0.24062269525688873 0.7629236167031758 0.0 0.6288053580722043 0.9026417965579511 0.5773861698719018 0.6471451946994939 0.8990602973714624 0.5132450061173737 0.16584325253543877 0.5837041994669051 0.3284283576980081 0.7918950244416614 0.5577107733611292 0.4316203393780464 0.10485031381293627 0.681611710496809 
0.698005614063861 0.17577132685048236 0.6012355348269384 0.6445973678210885 0.1672322028525693 0.6288053580722043 0.0 0.32204345575346927 0.388064846493131 0.717219858466278 0.29550491999669565 0.7652367860339918 0.5178572826944993 0.3460478854364901 0.44656069422813377 0.22993770502598634 0.7362935215765426 0.5499744308249355 0.5798263818875392 0.1607239421605418 
0.8936680034182872 0.371128764318031 0.5762106427360794 0.8505551451161513 0.1550718635958022 0.9026417965579511 0.32204345575346927 0.0 0.4452111185651266 0.7558524315530634 0.05983518634367705 0.8774619540659371 0.7621702485961885 0.64886698932282 0.6385308754414837 0.11082003542051147 0.8228645200603278 0.8716381692253846 0.8317015504749634 0.2210973226082856 
0.4751658565013454 0.22236295559071345 0.22151005978517774 0.4436896951057044 0.3802069985278947 0.5773861698719018 0.388064846493131 0.4452111185651266 0.0 0.33567299991662236 0.47532164232263663 0.43245184813140924 0.4123869823878351 0.6670273477151354 0.25233034355944034 0.3539941603307813 0.3814532241992643 0.7576951525286232 0.48066664548717675 0.28003279064362024 
0.4063080890808177 0.5433836497420264 0.2004364614887817 0.4184490764664208 0.713333835209155 0.6471451946994939 0.717219858466278 0.7558524315530634 0.33567299991662236 0.0 0.79527452782573 0.20215092313202723 0.5038140605333103 0.9525377521560328 0.37918630205781917 0.678883967924682 0.1230427978901869 0.9719155295365287 0.5444049358605585 0.6150364609123016 
0.908634243156939 0.3728676647275753 0.6214785566217808 0.8630389839888338 0.13668581353680442 0.8990602973714624 0.29550491999669565 0.05983518634367705 0.47532164232263663 0.79527452782573 0.0 0.9072243006053865 0.7653094840224444 0.6076379434810675 0.6510306961597474 0.12280027842816868 0.8560986218316611 0.8401698771484705 0.8336196890660892 0.22488181901388513 
0.23956923704512126 0.5915905628764405 0.38267767689756693 0.2726523104116178 0.8035060585729084 0.5132450061173737 0.7652367860339918 0.8774619540659371 0.43245184813140924 0.20215092313202723 0.9072243006053865 0.0 0.4039531174351298 0.9329447251295622 0.3409714571600462 0.7851394373552801 0.0792831380414171 0.8951807901968419 0.4211772857473459 0.7004788413887558 
0.2154774135022754 0.3925579183019288 0.5551410189441598 0.15782679414537298 0.6319603794243792 0.16584325253543877 0.5178572826944993 0.7621702485961885 0.4123869823878351 0.5038140605333103 0.7653094840224444 0.4039531174351298 0.0 0.564034023774663 0.16259930783179927 0.6516886817306695 0.4310490590957249 0.4914206081364512 0.07086660806433316 0.542193674937159 
0.7793812876374876 0.4516140180359645 0.8882300528708884 0.7214795332319234 0.5023014574611698 0.5837041994669051 0.3460478854364901 0.64886698932282 0.6670273477151354 0.9525377521560328 0.6076379434810675 0.9329447251295622 0.564034023774663 0.0 0.5939813384188586 0.5715248543781576 0.9313819740428287 0.27328645116819256 0.5943705665061123 0.5046621653329886 
0.2585804764043607 0.28731964157745604 0.39793586126701386 0.21218085047178115 0.5256132072447528 0.3284283576980081 0.44656069422813377 0.6385308754414837 0.25233034355944034 0.37918630205781917 0.6510306961597474 0.3409714571600462 0.16259930783179927 0.5939813384188586 0.0 0.5310443400635383 0.33842747914960486 0.5929287167225957 0.228902490519963 0.42673821867054673 
0.7877413374976685 0.26031311459316026 0.5131161136319793 0.7432248918035781 0.07273407758877996 0.7918950244416614 0.22993770502598634 0.11082003542051147 0.3539941603307813 0.678883967924682 0.12280027842816868 0.7851394373552801 0.6516886817306695 0.5715248543781576 0.5310443400635383 0.0 0.7353430086686115 0.7776854672176289 0.7210753783202312 0.11029500314062163 
0.2973707222045522 0.5606918000876753 0.30680345828006755 0.3196939544516133 0.7594766179275453 0.5577107733611292 0.7362935215765426 0.8228645200603278 0.3814532241992643 0.1230427978901869 0.8560986218316611 0.0792831380414171 0.4310490590957249 0.9313819740428287 0.33842747914960486 0.7353430086686115 0.0 0.9168922399762472 0.45956501556904367 0.65733419398632 
0.6908140122273991 0.5829620255272603 0.9638033167150847 0.6384234374240233 0.7171743921270786 0.4316203393780464 0.5499744308249355 0.8716381692253846 0.7576951525286232 0.9719155295365287 0.8401698771484705 0.8951807901968419 0.4914206081364512 0.27328645116819256 0.5929287167225957 0.7776854672176289 0.9168922399762472 0.0 0.4880709624547289 0.6874351940829421 
0.20275879419855028 0.46133214957454644 0.6130966371063891 0.15217513136780397 0.6994905986186969 0.10485031381293627 0.5798263818875392 0.8317015504749634 0.48066664548717675 0.5444049358605585 0.8336196890660892 0.4211772857473459 0.07086660806433316 0.5943705665061123 0.228902490519963 0.7210753783202312 0.45956501556904367 0.4880709624547289 0.0 0.6112938741141933 
0.68490259282821 0.15014165504856106 0.4709315860830882 0.6384956164464407 0.10315073773790208 0.681611710496809 0.1607239421605418 0.2210973226082856 0.28003279064362024 0.6150364609123016 0.22488181901388513 0.7004788413887558 0.542193674937159 0.5046621653329886 0.42673821867054673 0.11029500314062163 0.65733419398632 0.6874351940829421 0.6112938741141933 0.0 
