0.0 0.30759949888219185 0.6341177612848434 0.7238519163368586 0.25583057550309707 0.596588282684405 0.2578938713799898 0.34543013912342163 0.3154248371620802 0.558573670582595 0.7589096381271032 0.8331651500127973 0.43769670102209357 0.6501157906703727 0.6694367848931078 0.5812850656477458 0.4502840989845287 0.10780328280818541 0.17005354473850665 0.5777368578689618 
0.30759949888219185 0.0 0.3616133794923184 0.6663423160480816 0.5335449192047376 0.2896913887809679 0.47210555281229805 0.562129360656958 0.5987431169336748 0.5957628409428887 0.4991311967763568 0.5689302263781684 0.38172972825408175 0.7481381550747942 0.361961960325058 0.29000780845504687 0.161124374362396 0.33534892982277614 0.13940055875874102 0.46087078702149603 
0.6341177612848434 0.3616133794923184 0.0 0.9386192771120518 0.7999168327176458 0.19157548780084202 0.6954779977076025 0.9229752067002498 0.8636337871736772 0.9256000178670838 0.5536548190082866 0.592146536479725 0.6971742516295965 1.0912440032013246 0.21868808940567283 0.09311630036963228 0.20100057178588604 0.6153105183275911 0.4869223957360818 0.7209216828918352 
0.7238519163368586 0.6663423160480816 0.9386192771120518 0.0 0.9552519114285764 0.7609675005559258 0.981744933637542 0.5778291766791471 0.999166165038799 0.22983062129353196 0.5254931512377083 0.5680990323742495 0.29770583461898886 0.3532840790553933 0.781625852677379 0.8455390232679818 0.7722305293669744 0.8272024489113238 0.6591136942153744 0.21777563509434378 
0.25583057550309707 0.5335449192047376 0.7999168327176458 0.9552519114285764 0.0 0.8086976887867025 0.1305374388946298 0.4607435180859371 0.06564613028733576 0.7642641359225507 1.0104356452937668 1.0841178771457394 0.6828228084108413 0.8137671839620406 0.8833645898682814 0.769286512368348 0.6471134708730334 0.19856217544186205 0.4100925527413356 0.8275675139128621 
0.596588282684405 0.2896913887809679 0.19157548780084202 0.7609675005559258 0.8086976887867025 0.0 0.7271406458552208 0.8306372492126342 0.8743376858272028 0.7738144680825533 0.36571116403045706 0.4107078644927365 0.5443406317854749 0.9471486580992214 0.07469796794435234 0.1071062676170039 0.1667171604519397 0.6111980542705587 0.42906491817270087 0.5449772293864169 
0.2578938713799898 0.47210555281229805 0.6954779977076025 0.981744933637542 0.1305374388946298 0.7271406458552208 0.0 0.544501792242496 0.18088507505563797 0.8110155123259148 0.9670395144710279 1.0386617127690925 0.6937896277110388 0.8845564096179822 0.8014804439164346 0.6751742982452051 0.5612785442438152 0.15845634294065492 0.3706720656367823 0.8299190109668957 
0.34543013912342163 0.562129360656958 0.9229752067002498 0.5778291766791471 0.4607435180859371 0.8306372492126342 0.544501792242496 0.0 0.48139442281875067 0.3529350746804769 0.8512384092894318 0.923102045042136 0.4004670557407791 0.3568561444470957 0.8933111233819427 0.8511704486615574 0.7232172257029539 0.4388950289817564 0.44066050304716137 0.539951610728127 
0.3154248371620802 0.5987431169336748 0.8636337871736772 0.999166165038799 0.06564613028733576 0.8743376858272028 0.18088507505563797 0.48139442281875067 0.0 0.800949405780276 1.0728529454962707 1.1467598301547133 0.7336763063074011 0.83784515384091 0.9490065628117845 0.8343358799282062 0.7126095642771394 0.2640669237551971 0.4737980212529066 0.8801769511163955 
0.558573670582595 0.5957628409428887 0.9256000178670838 0.22983062129353196 0.7642641359225507 0.7738144680825533 0.8110155123259148 0.3529350746804769 0.800949405780276 0.0 0.6419571279071992 0.7017198773174173 0.22978682340267761 0.17969564857542195 0.8143464402201428 0.8363150904813275 0.7349383727681336 0.6662298357116897 0.5421250213952037 0.28294130104430437 
0.7589096381271032 0.4991311967763568 0.5536548190082866 0.5254931512377083 1.0104356452937668 0.36571116403045706 0.9670395144710279 0.8512384092894318 1.0728529454962707 0.6419571279071992 0.0 0.0747851808481075 0.45907444088332366 0.8190453064116714 0.3409936276404672 0.4727699179118541 0.48282098465074014 0.8194678857821336 0.6016880441373781 0.35914572061767897 
0.8331651500127973 0.5689302263781684 0.592146536479725 0.5680990323742495 1.0841178771457394 0.4107078644927365 1.0386617127690925 0.923102045042136 1.1467598301547133 0.7017198773174173 0.0747851808481075 0.0 0.528182019464097 0.8765988027570264 0.37434703542571635 0.5171986406358884 0.5412409903422485 0.8923198526847759 0.67485725943514 0.41924417304619543 
0.43769670102209357 0.38172972825408175 0.6971742516295965 0.29770583461898886 0.6828228084108413 0.5443406317854749 0.6937896277110388 0.4004670557407791 0.7336763063074011 0.22978682340267761 0.45907444088332366 0.528182019464097 0.0 0.4036778467590192 0.5869666493360098 0.6071847499027876 0.51003929670484 0.5366306918291882 0.3614506478646664 0.1495378461355413 
0.6501157906703727 0.7481381550747942 1.0912440032013246 0.3532840790553933 0.8137671839620406 0.9471486580992214 0.8845564096179822 0.3568561444470957 0.83784515384091 0.17969564857542195 0.8190453064116714 0.8765988027570264 0.4036778467590192 0.0 0.9905869624986692 1.0040246854273411 0.8959736230377883 0.7560690966652145 0.6731701006636376 0.46008703088266395 
0.6694367848931078 0.361961960325058 0.21868808940567283 0.781625852677379 0.8833645898682814 0.07469796794435234 0.8014804439164346 0.8933111233819427 0.9490065628117845 0.8143464402201428 0.3409936276404672 0.37434703542571635 0.5869666493360098 0.9905869624986692 0.0 0.1558492058215832 0.2404668805046344 0.6857789162434439 0.5010217267383394 0.5699217687948704 
0.5812850656477458 0.29000780845504687 0.09311630036963228 0.8455390232679818 0.769286512368348 0.1071062676170039 0.6751742982452051 0.8511704486615574 0.8343358799282062 0.8363150904813275 0.4727699179118541 0.5171986406358884 0.6071847499027876 1.0040246854273411 0.1558492058215832 0.0 0.13166819519325537 0.5769259685930884 0.4237374006544405 0.6278653614360286 
0.4502840989845287 0.161124374362396 0.20100057178588604 0.7722305293669744 0.6471134708730334 0.1667171604519397 0.5612785442438152 0.7232172257029539 0.7126095642771394 0.7349383727681336 0.48282098465074014 0.5412409903422485 0.51003929670484 0.8959736230377883 0.2404668805046344 0.13166819519325537 0.0 0.4516169740356291 0.292225477795583 0.556254868826129 
0.10780328280818541 0.33534892982277614 0.6153105183275911 0.8272024489113238 0.19856217544186205 0.6111980542705587 0.15845634294065492 0.4388950289817564 0.2640669237551971 0.6662298357116897 0.8194678857821336 0.8923198526847759 0.5366306918291882 0.7560690966652145 0.6857789162434439 0.5769259685930884 0.4516169740356291 0.0 0.21811511688668664 0.671556460449375 
0.17005354473850665 0.13940055875874102 0.4869223957360818 0.6591136942153744 0.4100925527413356 0.42906491817270087 0.3706720656367823 0.44066050304716137 0.4737980212529066 0.5421250213952037 0.6016880441373781 0.67485725943514 0.3614506478646664 0.6731701006636376 0.5010217267383394 0.4237374006544405 0.292225477795583 0.21811511688668664 0.0 0.4779428734709539 
0.5777368578689618 0.46087078702149603 0.7209216828918352 0.21777563509434378 0.8275675139128621 0.5449772293864169 0.8299190109668957 0.539951610728127 0.8801769511163955 0.28294130104430437 0.35914572061767897 0.41924417304619543 0.1495378461355413 0.46008703088266395 0.5699217687948704 0.6278653614360286 0.556254868826129 0.671556460449375 0.4779428734709539 0.0 
