0.0 0.4826989362449579 0.377676575474379 0.5814122399177876 0.5093982030072018 0.1475543657432479 0.6970624596649354 0.108056654319955 0.11604130567656305 0.29680442044786054 0.7528272310318145 0.2931825658905393 0.22165943510336256 0.39094692703385187 0.442843997549408 0.2063211673741298 0.7022782903257422 0.3299478572645646 0.7739147232952494 0.11408654200949261 
0.4826989362449579 0.0 0.3178275710212884 0.5376636377906583 0.5429994975467562 0.33677776642673063 0.765828172219761 0.37489900237028906 0.38815180664062465 0.3844912627191764 0.9111550399166054 0.4424823312288185 0.3079035588815257 0.17779073022238565 0.6755855766234431 0.6488360708306634 0.2953331148136973 0.803692490006986 0.956522471394308 0.5699211304421374 
0.377676575474379 0.3178275710212884 0.0 0.751202502569193 0.7193165760960526 0.26837901826074334 0.9434422033470063 0.2994873921851298 0.26412315776203793 0.49606973220820805 1.049314498717351 0.1576560215972331 0.36689923468277263 0.1402931717506538 0.7579094242362132 0.5839185368786343 0.6131249938907056 0.6179308871074177 1.0828867202221713 0.4916272921748801 
0.5814122399177876 0.5376636377906583 0.751202502569193 0.0 0.0945780893177319 0.5409864521056779 0.2380189380935221 0.5415813370375137 0.5949932086816805 0.2891561594768731 0.40858377616116964 0.7841470530765963 0.4075460564245421 0.6420408419774353 0.3260650974374363 0.5716975699182688 0.456687016905135 0.854250787972371 0.46246267681753506 0.5644339249468396 
0.5093982030072018 0.5429994975467562 0.7193165760960526 0.0945780893177319 0.0 0.48822441326223137 0.22726497825369574 0.48282671487657364 0.5370601539664999 0.2314339547113584 0.3707503655539144 0.7344823430351091 0.3594595423368681 0.6228706398156947 0.23429129065303955 0.4818731430266163 0.5125077553396502 0.76748803526267 0.4196560866787395 0.4812050632353069 
0.1475543657432479 0.33677776642673063 0.26837901826074334 0.5409864521056779 0.48822441326223137 0.0 0.7017787747414895 0.04030204373813625 0.06308003732366194 0.2568141249657129 0.7907331036247393 0.2464105348292828 0.13416638576595763 0.24945998586818977 0.49226365451576815 0.33705518168200016 0.5742215956582708 0.46826616886706873 0.8209811307013783 0.2482007206995551 
0.6970624596649354 0.765828172219761 0.9434422033470063 0.2380189380935221 0.22726497825369574 0.7017787747414895 0.0 0.6906189977454846 0.7445517609030846 0.44903765538066814 0.18215833865526854 0.9474551476432702 0.5790892432382538 0.8500125729491717 0.2927270206319362 0.6140588354745853 0.6903899303764699 0.9030803405328646 0.23900332757455908 0.6421407067422678 
0.108056654319955 0.37489900237028906 0.2994873921851298 0.5415813370375137 0.48282671487657364 0.04030204373813625 0.6906189977454846 0.0 0.05427743538412586 0.25329222271578605 0.7714266844351653 0.2581635366570029 0.14267986076074538 0.28912697566681167 0.4687078562868844 0.29763805291066814 0.6042975067884414 0.4326573061000211 0.7995348070309846 0.20819346600005298 
0.11604130567656305 0.38815180664062465 0.26412315776203793 0.5949932086816805 0.5370601539664999 0.06308003732366194 0.7445517609030846 0.05427743538412586 0.0 0.3072088408585826 0.8227752529269218 0.2057820215230796 0.1922932776157293 0.2779378007597815 0.5180292394735755 0.3207664035974712 0.6352477342251548 0.4159476273286835 0.8497029905209017 0.22862556124259698 
0.29680442044786054 0.3844912627191764 0.49606973220820805 0.2891561594768731 0.2314339547113584 0.2568141249657129 0.44903765538066814 0.25329222271578605 0.3072088408585826 0.0 0.5572643733373774 0.5030512394737702 0.13006773089503226 0.41596189030818514 0.29224739934019084 0.343613009910868 0.4824088333554242 0.5970731067949439 0.5951920285131083 0.3044960244135398 
0.7528272310318145 0.9111550399166054 1.049314498717351 0.40858377616116964 0.3707503655539144 0.7907331036247393 0.18215833865526854 0.7714266844351653 0.8227752529269218 0.5572643733373774 0.0 1.0285193622254312 0.6833272437206881 0.9724802724090268 0.310243327433913 0.6226706376328428 0.8651761054951925 0.896470654619026 0.057000971635184645 0.6743164684593885 
0.2931825658905393 0.4424823312288185 0.1576560215972331 0.7841470530765963 0.7344823430351091 0.2464105348292828 0.9474551476432702 0.2581635366570029 0.2057820215230796 0.5030512394737702 1.0285193622254312 0.0 0.37702350162111 0.2719156737605435 0.7229115972284069 0.4913177460061849 0.7309001541687881 0.4725182661004949 1.0549342177189671 0.4023434852853659 
0.22165943510336256 0.3079035588815257 0.36689923468277263 0.4075460564245421 0.3594595423368681 0.13416638576595763 0.5790892432382538 0.14267986076074538 0.1922932776157293 0.13006773089503226 0.6833272437206881 0.37702350162111 0.0 0.2974743082539363 0.40188718802256296 0.34633173163071174 0.4849279421350216 0.5489068172804902 0.7187601558230204 0.2770233464805643 
0.39094692703385187 0.17779073022238565 0.1402931717506538 0.6420408419774353 0.6228706398156947 0.24945998586818977 0.8500125729491717 0.28912697566681167 0.2779378007597815 0.41596189030818514 0.9724802724090268 0.2719156737605435 0.2974743082539363 0.0 0.6992629217223746 0.5865129355793319 0.47294194638599596 0.6828621144013941 1.0111505435695254 0.4972554042314144 
0.442843997549408 0.6755855766234431 0.7579094242362132 0.3260650974374363 0.23429129065303955 0.49226365451576815 0.2927270206319362 0.4687078562868844 0.5180292394735755 0.29224739934019084 0.310243327433913 0.7229115972284069 0.40188718802256296 0.6992629217223746 0.0 0.3248699537380895 0.7205817244759696 0.6116117635686497 0.33223116237231537 0.3661341031065797 
0.2063211673741298 0.6488360708306634 0.5839185368786343 0.5716975699182688 0.4818731430266163 0.33705518168200016 0.6140588354745853 0.29763805291066814 0.3207664035974712 0.343613009910868 0.6226706376328428 0.4913177460061849 0.34633173163071174 0.5865129355793319 0.3248699537380895 0.0 0.8179020137375342 0.290300304483633 0.6314561545043467 0.09229210304609645 
0.7022782903257422 0.2953331148136973 0.6131249938907056 0.456687016905135 0.5125077553396502 0.5742215956582708 0.6903899303764699 0.6042975067884414 0.6352477342251548 0.4824088333554242 0.8651761054951925 0.7309001541687881 0.4849279421350216 0.47294194638599596 0.7205817244759696 0.8179020137375342 0.0 1.0320618875903171 0.9191297614095602 0.7594914702484934 
0.3299478572645646 0.803692490006986 0.6179308871074177 0.854250787972371 0.76748803526267 0.46826616886706873 0.9030803405328646 0.4326573061000211 0.4159476273286835 0.5970731067949439 0.896470654619026 0.4725182661004949 0.5489068172804902 0.6828621144013941 0.6116117635686497 0.290300304483633 1.0320618875903171 0.0 0.8971679768536502 0.29350188682214945 
0.7739147232952494 0.956522471394308 1.0828867202221713 0.46246267681753506 0.4196560866787395 0.8209811307013783 0.23900332757455908 0.7995348070309846 0.8497029905209017 0.5951920285131083 0.057000971635184645 1.0549342177189671 0.7187601558230204 1.0111505435695254 0.33223116237231537 0.6314561545043467 0.9191297614095602 0.8971679768536502 0.0 0.6894277918893746 
0.11408654200949261 0.5699211304421374 0.4916272921748801 0.5644339249468396 0.4812050632353069 0.2482007206995551 0.6421407067422678 0.20819346600005298 0.22862556124259698 0.3044960244135398 0.6743164684593885 0.4023434852853659 0.2770233464805643 0.4972554042314144 0.3661341031065797 0.09229210304609645 0.7594914702484934 0.29350188682214945 0.6894277918893746 0.0 
