0.0 0.28575432086045405 0.733300683637297 0.10821759509561028 0.770781927617784 0.7716444369876864 0.5434541284707362 0.7025860084278337 0.8257783825854915 0.5902339950344199 0.5467854148639336 0.7502766732168287 0.8696015860187645 0.512411889617046 0.8675984011144139 0.34656226559177894 0.8167285436750047 0.8098240752074577 0.7061352327997082 0.43118408360099536 
0.28575432086045405 0.0 0.5793089481492919 0.2364943682992141 0.8383686379949294 0.8535319945723951 0.32116753168432566 0.6117561487095463 0.9083468831943647 0.4556202393600213 0.26367035528212274 0.6251029050327069 0.7322180666579433 0.5665418599179541 0.8807270060065677 0.614067280246643 0.9690908967651198 0.9105850242082655 0.5487237493328023 0.5416894924234666 
0.733300683637297 0.5793089481492919 0.0 0.7598338237271582 0.5904975429024788 0.6288572392088563 0.2837300630840884 0.16021622312509498 0.6655789733932787 0.14392270595500348 0.49050913220481135 0.08360691788849627 0.15463152391694743 0.4567807487048084 0.5086582668103157 0.8879560082119131 0.8549785421620705 0.7044538526990931 0.030773470209681134 0.5530033916745624 
0.10821759509561028 0.2364943682992141 0.7598338237271582 0.0 0.8628829749156328 0.8665833204930282 0.5370743695099474 0.7510197888885216 0.9212905091816634 0.6209175979507104 0.4982231951908341 0.7877950969646556 0.9043225560421889 0.5974497910731944 0.9483668043993544 0.44697435871058105 0.9224283559278418 0.9084583398010598 0.7308778853620872 0.5267175662957316 
0.770781927617784 0.8383686379949294 0.5904975429024788 0.8628829749156328 0.0 0.04266352309754611 0.7351120003276364 0.43048275344322834 0.07790955724803461 0.5446768833115206 0.9303717055658923 0.5183697686048927 0.5806611340566173 0.27312859955066776 0.17617347438898115 0.661065959314657 0.28677290627723184 0.11563599504372386 0.5954162846962847 0.34052406730799856 
0.7716444369876864 0.8535319945723951 0.6288572392088563 0.8665833204930282 0.04266352309754611 0.0 0.7642102849999094 0.4692204585349173 0.055254215474741186 0.5777073895351971 0.9558047267282772 0.5580327742230462 0.6224976351705245 0.28705093959616096 0.21489482993835254 0.6427864709021355 0.2441140087791054 0.0755967263256732 0.6327989037038726 0.34052810407279344 
0.5434541284707362 0.32116753168432566 0.2837300630840884 0.5370743695099474 0.7351120003276364 0.7642102849999094 0.0 0.3741472775747773 0.8127653438644911 0.20779804437569976 0.2150948675742767 0.35007299942823106 0.43733857403668663 0.5069383707487959 0.712645697133966 0.7916704373608365 0.9483413846488538 0.8353893028955588 0.2536672664644149 0.5520184926842607 
0.7025860084278337 0.6117561487095463 0.16021622312509498 0.7510197888885216 0.43048275344322834 0.4692204585349173 0.3741472775747773 0.0 0.5053725384118091 0.16867773773019926 0.5891354207242516 0.09241724816642996 0.19466711540609435 0.3259692754372122 0.3552371383523215 0.7958700581019555 0.6986419896131472 0.5447936448195458 0.16840126687424845 0.43564496953685417 
0.8257783825854915 0.9083468831943647 0.6655789733932787 0.9212905091816634 0.07790955724803461 0.055254215474741186 0.8127653438644911 0.5053725384118091 0.0 0.622513714179279 1.006925463982681 0.5918300497607142 0.6483003483062584 0.3418052929223999 0.21467778432069162 0.6869650818305031 0.23709638587156495 0.05838653054771556 0.6714115594016558 0.3948908624008927 
0.5902339950344199 0.4556202393600213 0.14392270595500348 0.6209175979507104 0.5446768833115206 0.5777073895351971 0.20779804437569976 0.16867773773019926 0.622513714179279 0.0 0.4218613196036614 0.17009619721585106 0.283539804157979 0.35492980023781884 0.5065809483428004 0.7511176537107725 0.7829965779799715 0.6516640297221746 0.11931827528063181 0.43470975594632855 
0.5467854148639336 0.26367035528212274 0.49050913220481135 0.4982231951908341 0.9303717055658923 0.9558047267282772 0.2150948675742767 0.5891354207242516 1.006925463982681 0.4218613196036614 0.0 0.5622988029379775 0.639799442286489 0.6817008069753124 0.9226470568351228 0.8581825030739257 1.1189806497593366 1.023639027913365 0.46186276664889564 0.7000319671822562 
0.7502766732168287 0.6251029050327069 0.08360691788849627 0.7877950969646556 0.5183697686048927 0.5580327742230462 0.35007299942823106 0.09241724816642996 0.5918300497607142 0.17009619721585106 0.5622988029379775 0.0 0.12030196050879771 0.414219845955631 0.42719422045579253 0.8720537559831496 0.79000984855899 0.6334329783789808 0.10469364197941809 0.5200084524795962 
0.8696015860187645 0.7322180666579433 0.15463152391694743 0.9043225560421889 0.5806611340566173 0.6224976351705245 0.43733857403668663 0.19466711540609435 0.6483003483062584 0.283539804157979 0.639799442286489 0.12030196050879771 0.0 0.5195086057980506 0.45812460218981804 0.9886164109189105 0.8628836795743325 0.6960056559768776 0.18535818660047132 0.6302967596281415 
0.512411889617046 0.5665418599179541 0.4567807487048084 0.5974497910731944 0.27312859955066776 0.28705093959616096 0.5069383707487959 0.3259692754372122 0.3418052929223999 0.35492980023781884 0.6817008069753124 0.414219845955631 0.5195086057980506 0.0 0.35614605432216984 0.49284935012349496 0.4415488025118696 0.34717223387899 0.447820818212913 0.11876247009880717 
0.8675984011144139 0.8807270060065677 0.5086582668103157 0.9483668043993544 0.17617347438898115 0.21489482993835254 0.712645697133966 0.3552371383523215 0.21467778432069162 0.5065809483428004 0.9226470568351228 0.42719422045579253 0.45812460218981804 0.35614605432216984 0.0 0.8111819999158355 0.45105856378570075 0.27173289338605694 0.5219767142860964 0.45728720100454984 
0.34656226559177894 0.614067280246643 0.8879560082119131 0.44697435871058105 0.661065959314657 0.6427864709021355 0.7916704373608365 0.7958700581019555 0.6869650818305031 0.7511176537107725 0.8581825030739257 0.8720537559831496 0.9886164109189105 0.49284935012349496 0.8111819999158355 0.0 0.5850097116289409 0.6492238953694951 0.868332625047318 0.3741414439780902 
0.8167285436750047 0.9690908967651198 0.8549785421620705 0.9224283559278418 0.28677290627723184 0.2441140087791054 0.9483413846488538 0.6986419896131472 0.23709638587156495 0.7829965779799715 1.1189806497593366 0.79000984855899 0.8628836795743325 0.4415488025118696 0.45105856378570075 0.5850097116289409 0.0 0.17934659757588753 0.8548763614319516 0.42817286957541606 
0.8098240752074577 0.9105850242082655 0.7044538526990931 0.9084583398010598 0.11563599504372386 0.0755967263256732 0.8353893028955588 0.5447936448195458 0.05838653054771556 0.6516640297221746 1.023639027913365 0.6334329783789808 0.6960056559768776 0.34717223387899 0.27173289338605694 0.6492238953694951 0.17934659757588753 0.0 0.7083224522929914 0.3827186149772359 
0.7061352327997082 0.5487237493328023 0.030773470209681134 0.7308778853620872 0.5954162846962847 0.6327989037038726 0.2536672664644149 0.16840126687424845 0.6714115594016558 0.11931827528063181 0.46186276664889564 0.10469364197941809 0.18535818660047132 0.447820818212913 0.5219767142860964 0.868332625047318 0.8548763614319516 0.7083224522929914 0.0 0.539864354963948 
0.43118408360099536 0.5416894924234666 0.5530033916745624 0.5267175662957316 0.34052406730799856 0.34052810407279344 0.5520184926842607 0.43564496953685417 0.3948908624008927 0.43470975594632855 0.7000319671822562 0.5200084524795962 0.6302967596281415 0.11876247009880717 0.45728720100454984 0.3741414439780902 0.42817286957541606 0.3827186149772359 0.539864354963948 0.0 
