0.0 0.5354464448626468 0.619023542511243 0.7886676200953658 0.4504903511105397 0.7872026733988495 0.261027504224803 0.33549755253028746 0.7457332616022738 0.6999821348596401 0.5983227761283417 0.5070478431937214 0.1944675840837223 0.31469941774023613 0.8450897315674502 0.895559254297104 0.703185197367126 0.2543461534647216 0.43134285893664703 0.8083620796767872 
0.5354464448626468 0.0 0.5939173662501097 0.261842745665327 0.3822564071732013 0.6112022009709 0.32419754421909575 0.40502417044160766 0.3789788126619747 0.5167169408546168 0.5847605287722091 0.06931477442044894 0.6216870197669445 0.31333868878715176 0.4509216182422635 0.5203039046722355 0.29711396045132143 0.4801840742185006 0.30210683276907696 0.2904592463023161 
0.619023542511243 0.5939173662501097 0.0 0.672823747228909 0.22861982904694822 0.21206877572309524 0.6638425431874123 0.8008467588752363 0.401069058375731 0.18231676996696142 0.021103634505787075 0.5247804044524789 0.503435381119025 0.7082298100740851 0.4711924808937554 0.47385104617428014 0.44164010890511374 0.3650104287048519 0.7890831347745235 0.656412733362472 
0.7886676200953658 0.261842745665327 0.672823747228909 0.0 0.5201185714054292 0.6020516579002113 0.5858087658239608 0.6564207675797403 0.30897946564999507 0.5313072156115036 0.6717343884081949 0.2818715088421673 0.848897343465874 0.5711576362452843 0.32110551825933514 0.3872690058416361 0.23827142866812948 0.6876381080948942 0.5370206647773047 0.04355910443865734 
0.4504903511105397 0.3822564071732013 0.22861982904694822 0.5201185714054292 0.0 0.34282239118884783 0.44231798012708834 0.5787981051134576 0.33503136509804443 0.2507555698933637 0.21443804599830113 0.3134932721718957 0.4005552905768754 0.4832347980250975 0.43203780889901905 0.4681642687326306 0.32879956647010844 0.2259465022529755 0.5606250583599678 0.5163752582362221 
0.7872026733988495 0.6112022009709 0.21206877572309524 0.6020516579002113 0.34282239118884783 0.0 0.7738473850285134 0.9072409162759327 0.29409503034839396 0.09913105555950925 0.23021297918469016 0.5486393006939823 0.6989866702409036 0.8073047613264712 0.3247635458425969 0.3020582401321401 0.36652452496193 0.5422134458186458 0.8648617135035799 0.5738584148432504 
0.261027504224803 0.32419754421909575 0.6638425431874123 0.5858087658239608 0.44231798012708834 0.7738473850285134 0.0 0.13700518328775255 0.6358006982095437 0.6756584512450075 0.6464890396469101 0.3238671615521412 0.4201053376868356 0.05866376500065561 0.7270713443650254 0.7896444498972592 0.5704505949778874 0.36561223172331025 0.1760653204403674 0.6143565314078074 
0.33549755253028746 0.40502417044160766 0.8008467588752363 0.6564207675797403 0.5787981051134576 0.9072409162759327 0.13700518328775255 0.0 0.7514076828529532 0.808575999290275 0.7834657106471035 0.42391704165674315 0.5195815691172725 0.10196966560101359 0.8379446153469966 0.9034041929946527 0.6800460349808658 0.4932646129336192 0.13698540705427728 0.6904602276736886 
0.7457332616022738 0.3789788126619747 0.401069058375731 0.30897946564999507 0.33503136509804443 0.29409503034839396 0.6358006982095437 0.7514076828529532 0.0 0.23391397955533405 0.40612938914805224 0.33424384924835415 0.7319256862605834 0.6502126504736493 0.09981334720000543 0.15425842004133467 0.08515269847647979 0.5560718207397694 0.6725035973688837 0.2797664906060686 
0.6999821348596401 0.5167169408546168 0.18231676996696142 0.5313072156115036 0.2507555698933637 0.09913105555950925 0.6756584512450075 0.808575999290275 0.23391397955533405 0.0 0.1937438930464503 0.4526903107494836 0.6263319605123475 0.7084340136643569 0.29193737073004994 0.29153907356804093 0.2930403386668759 0.46180767296129127 0.7659037915357852 0.5076477351398963 
0.5983227761283417 0.5847605287722091 0.021103634505787075 0.6717343884081949 0.21443804599830113 0.23021297918469016 0.6464890396469101 0.7834657106471035 0.40612938914805224 0.1937438930464503 0.0 0.5154941105360603 0.4824183304887029 0.6915762825511954 0.4794259523400936 0.4848607036620764 0.4429558760584534 0.3442108409157049 0.7740337597213744 0.6566129387464184 
0.5070478431937214 0.06931477442044894 0.5247804044524789 0.2818715088421673 0.3134932721718957 0.5486393006939823 0.3238671615521412 0.42391704165674315 0.33424384924835415 0.4526903107494836 0.5154941105360603 0.0 0.5747740819045192 0.32556158110651995 0.41536173065861715 0.4824688137742805 0.25773496945572577 0.4245242874065697 0.338276786185357 0.3019188169193111 
0.1944675840837223 0.6216870197669445 0.503435381119025 0.848897343465874 0.4005552905768754 0.6989866702409036 0.4201053376868356 0.5195815691172725 0.7319256862605834 0.6263319605123475 0.4824183304887029 0.5747740819045192 0.0 0.4784027116491422 0.8305966042522773 0.8687183414730775 0.7105831481567778 0.1758543093667515 0.5961664112608209 0.8593797730385898 
0.31469941774023613 0.31333868878715176 0.7082298100740851 0.5711576362452843 0.4832347980250975 0.8073047613264712 0.05866376500065561 0.10196966560101359 0.6502126504736493 0.7084340136643569 0.6915762825511954 0.32556158110651995 0.4784027116491422 0.0 0.7377944450222431 0.8026671382096249 0.5800046624043216 0.4218507097332819 0.11811501639192631 0.6027396592990122 
0.8450897315674502 0.4509216182422635 0.4711924808937554 0.32110551825933514 0.43203780889901905 0.3247635458425969 0.7270713443650254 0.8379446153469966 0.09981334720000543 0.29193737073004994 0.4794259523400936 0.41536173065861715 0.8305966042522773 0.7377944450222431 0.0 0.07071510844785242 0.15790820910724326 0.6547758892898818 0.7509307021794419 0.2828744779961325 
0.895559254297104 0.5203039046722355 0.47385104617428014 0.3872690058416361 0.4681642687326306 0.3020582401321401 0.7896444498972592 0.9034041929946527 0.15425842004133467 0.29153907356804093 0.4848607036620764 0.4824688137742805 0.8687183414730775 0.8026671382096249 0.07071510844785242 0.0 0.224855994143131 0.6937067547848476 0.8192983316440047 0.34747712593534874 
0.703185197367126 0.29711396045132143 0.44164010890511374 0.23827142866812948 0.32879956647010844 0.36652452496193 0.5704505949778874 0.6800460349808658 0.08515269847647979 0.2930403386668759 0.4429558760584534 0.25773496945572577 0.7105831481567778 0.5800046624043216 0.15790820910724326 0.224855994143131 0.0 0.5363058440343179 0.5945441371219552 0.2161434876099977 
0.2543461534647216 0.4801840742185006 0.3650104287048519 0.6876381080948942 0.2259465022529755 0.5422134458186458 0.36561223172331025 0.4932646129336192 0.5560718207397694 0.46180767296129127 0.3442108409157049 0.4245242874065697 0.1758543093667515 0.4218507097332819 0.6547758892898818 0.6937067547848476 0.5363058440343179 0.0 0.530330645598813 0.694473467680283 
0.43134285893664703 0.30210683276907696 0.7890831347745235 0.5370206647773047 0.5606250583599678 0.8648617135035799 0.1760653204403674 0.13698540705427728 0.6725035973688837 0.7659037915357852 0.7740337597213744 0.338276786185357 0.5961664112608209 0.11811501639192631 0.7509307021794419 0.8192983316440047 0.5945441371219552 0.530330645598813 0.0 0.5739284556221262 
0.8083620796767872 0.2904592463023161 0.656412733362472 0.04355910443865734 0.5163752582362221 0.5738584148432504 0.6143565314078074 0.6904602276736886 0.2797664906060686 0.5076477351398963 0.6566129387464184 0.3019188169193111 0.8593797730385898 0.6027396592990122 0.2828744779961325 0.34747712593534874 0.2161434876099977 0.694473467680283 0.5739284556221262 0.0 
