0.0 0.16113025406884304 0.3786501634085545 0.05059333669763858 0.6702443413548683 0.681181721155926 0.496417599158034 0.284445430984409 0.10014026567040153 0.11215535082888248 0.6067930817488312 0.5800753141950692 0.7763766343916083 0.5087559199773399 0.24099426220190476 0.28918335159964154 0.2636541282610236 0.7844654443493506 0.6677191135388014 0.524022582942505 
0.16113025406884304 0.0 0.22125270565197888 0.20653812899945387 0.7584162506812103 0.5930457857765616 0.6380404667468658 0.2986953954506103 0.1212914456537665 0.05880547721353678 0.7255918083537541 0.6889191645908189 0.8258154973010575 0.6120394703249518 0.19398676073310564 0.31694685105585957 0.10448493881661515 0.814239329686468 0.5558362028408764 0.5745198999537113 
0.3786501634085545 0.22125270565197888 0.0 0.41903390540465124 0.8665979796090255 0.4705257625566128 0.8179163336991147 0.38579915994611913 0.3078302368974603 0.2669876653227913 0.873559230120284 0.8261408737381755 0.8807828454943906 0.7468313674558935 0.3431481767502651 0.4913386389562647 0.1415224410166059 0.8439624258611272 0.39709397042553446 0.6500684237544532 
0.05059333669763858 0.20653812899945387 0.41903390540465124 0.0 0.6281770507301138 0.6910343110931929 0.4458893820134169 0.27239557781911683 0.12076459248550435 0.15274058872376653 0.5587553835267153 0.5339603464716105 0.7433519065039276 0.46420137377294646 0.288124566343264 0.32122526804207985 0.31046766285069893 0.7567317460480468 0.6861012496200016 0.49305969839234015 
0.6702443413548683 0.7584162506812103 0.8665979796090255 0.6281770507301138 0.0 0.7422319121376092 0.3435891274069498 0.4821792656135979 0.6409268918113636 0.7052270332743321 0.17820720075797428 0.13537231681901746 0.21935393654508842 0.171367176207228 0.9089967914146667 0.9446622244082299 0.8439080940550173 0.3070793644176868 0.8307808773208546 0.23227922086062017 
0.681181721155926 0.5930457857765616 0.4705257625566128 0.6910343110931929 0.7422319121376092 0.0 0.8864305566988175 0.45006678051031684 0.5811289975161995 0.5955182201803709 0.8436894485165074 0.7798108121396644 0.6370692215285814 0.7152190534233427 0.7765123093032181 0.909855253073846 0.5793072469358663 0.556754208821839 0.12003162511952195 0.5207957325218489 
0.496417599158034 0.6380404667468658 0.8179163336991147 0.4458893820134169 0.3435891274069498 0.8864305566988175 0.0 0.4729068227286807 0.5209012407686314 0.5792950852175346 0.17912402372445566 0.20836461574377288 0.5520591794331827 0.2105702083948263 0.7269073969073917 0.7126645984228724 0.7410051683399494 0.6221579860796839 0.9386234577835604 0.41004301792117936 
0.284445430984409 0.2986953954506103 0.38579915994611913 0.27239557781911683 0.4821792656135979 0.45006678051031684 0.4729068227286807 0.0 0.2041458027489851 0.25789925724059337 0.49466130291509086 0.4432460288780366 0.5275374579230954 0.36420780911027895 0.48070626484238044 0.5675275355364476 0.36884361432250334 0.5170461035375927 0.47724799006837076 0.2784090343939102 
0.10014026567040153 0.1212914456537665 0.3078302368974603 0.12076459248550435 0.6409268918113636 0.5811289975161995 0.5209012407686314 0.2041458027489851 0.0 0.06457954070131233 0.60430327730607 0.5679825188856484 0.7213794588358952 0.49149501634050347 0.27961046458488686 0.3650267521237841 0.22082780511171746 0.7187466831768237 0.5687052670077821 0.4680094933828848 
0.11215535082888248 0.05880547721353678 0.2669876653227913 0.15274058872376653 0.7052270332743321 0.5955182201803709 0.5792950852175346 0.25789925724059337 0.06457954070131233 0.0 0.66790216584463 0.6323185604652416 0.7812920658505963 0.5559974701825227 0.22297498497546242 0.32488468576420315 0.1623199305050382 0.7748838090556264 0.5699682138821046 0.5284880484836938 
0.6067930817488312 0.7255918083537541 0.873559230120284 0.5587553835267153 0.17820720075797428 0.8436894485165074 0.17912402372445566 0.49466130291509086 0.60430327730607 0.66790216584463 0.0 0.06491612712874213 0.3967926548044332 0.1336378982147278 0.8468768951450529 0.8557175252942324 0.8223109892661773 0.47966186269455213 0.916027222849369 0.3264517743919935 
0.5800753141950692 0.6889191645908189 0.8261408737381755 0.5339603464716105 0.13537231681901746 0.7798108121396644 0.20836461574377288 0.4432460288780366 0.5679825188856484 0.6323185604652416 0.06491612712874213 0.0 0.346646692057244 0.0793099185802345 0.8210688100254933 0.8408045270072244 0.7826495158022093 0.42393927043372553 0.8538479425867876 0.26166342142976284 
0.7763766343916083 0.8258154973010575 0.8807828454943906 0.7433519065039276 0.21935393654508842 0.6370692215285814 0.5520591794331827 0.5275374579230954 0.7213794588358952 0.7812920658505963 0.3967926548044332 0.346646692057244 0.0 0.35171544966954277 1.0007975393276656 1.0641360120859782 0.8933318374643499 0.10075079168221954 0.7439694098455125 0.25356522704725554 
0.5087559199773399 0.6120394703249518 0.7468313674558935 0.46420137377294646 0.171367176207228 0.7152190534233427 0.2105702083948263 0.36420780911027895 0.49149501634050347 0.5559974701825227 0.1336378982147278 0.0793099185802345 0.35171544966954277 0.0 0.7494472320907206 0.7766981292328327 0.7046217813836171 0.4140253142875482 0.7840812508257753 0.20772537571123278 
0.24099426220190476 0.19398676073310564 0.3431481767502651 0.288124566343264 0.9089967914146667 0.7765123093032181 0.7269073969073917 0.48070626484238044 0.27961046458488686 0.22297498497546242 0.8468768951450529 0.8210688100254933 1.0007975393276656 0.7494472320907206 0.0 0.1494024644124013 0.2050996422585745 0.9974242824457662 0.7259652845700552 0.7472962328526147 
0.28918335159964154 0.31694685105585957 0.4913386389562647 0.32122526804207985 0.9446622244082299 0.909855253073846 0.7126645984228724 0.5675275355364476 0.3650267521237841 0.32488468576420315 0.8557175252942324 0.8408045270072244 1.0641360120859782 0.7766981292328327 0.1494024644124013 0.0 0.35135194320080804 1.0736323288990568 0.8671905409201707 0.8126467496925215 
0.2636541282610236 0.10448493881661515 0.1415224410166059 0.31046766285069893 0.8439080940550173 0.5793072469358663 0.7410051683399494 0.36884361432250334 0.22082780511171746 0.1623199305050382 0.8223109892661773 0.7826495158022093 0.8933318374643499 0.7046217813836171 0.2050996422585745 0.35135194320080804 0.0 0.8719942482623604 0.5221334637416535 0.6470965651096051 
0.7844654443493506 0.814239329686468 0.8439624258611272 0.7567317460480468 0.3070793644176868 0.556754208821839 0.6221579860796839 0.5170461035375927 0.7187466831768237 0.7748838090556264 0.47966186269455213 0.42393927043372553 0.10075079168221954 0.4140253142875482 0.9974242824457662 1.0736323288990568 0.8719942482623604 0.0 0.6685063172980706 0.2667490290714891 
0.6677191135388014 0.5558362028408764 0.39709397042553446 0.6861012496200016 0.8307808773208546 0.12003162511952195 0.9386234577835604 0.47724799006837076 0.5687052670077821 0.5699682138821046 0.916027222849369 0.8538479425867876 0.7439694098455125 0.7840812508257753 0.7259652845700552 0.8671905409201707 0.5221334637416535 0.6685063172980706 0.0 0.6022107307857255 
0.524022582942505 0.5745198999537113 0.6500684237544532 0.49305969839234015 0.23227922086062017 0.5207957325218489 0.41004301792117936 0.2784090343939102 0.4680094933828848 0.5284880484836938 0.3264517743919935 0.26166342142976284 0.25356522704725554 0.20772537571123278 0.7472962328526147 0.8126467496925215 0.6470965651096051 0.2667490290714891 0.6022107307857255 0.0 
