0.0 0.2813998305008895 0.4391699292254727 0.5927655668256953 0.4111359207237461 0.3437644944424313 0.9144609479126435 0.23400228415340793 0.5026468402678691 0.3095396541716215 
0.2813998305008895 0.0 0.37251111217793587 0.5839912520718056 0.3866974401571413 0.23652832326989212 0.8010796898530128 0.25679846676688145 0.3240605734067658 0.5814530467807576 
0.4391699292254727 0.37251111217793587 0.0 0.9440764219005984 0.06152595468237266 0.6046096137157245 1.1711445043434172 0.5819168961304655 0.6905033021720166 0.7116473649111479 
0.5927655668256953 0.5839912520718056 0.9440764219005984 0.0 0.9430407014953421 0.34884006647297017 0.3853228775706331 0.3725975712928651 0.36439655285275924 0.6442624420358399 
0.4111359207237461 0.3866974401571413 0.06152595468237266 0.9430407014953421 0.0 0.6112052284752489 1.187729307420744 0.5748599366023596 0.7097502858419653 0.668886316378421 
0.3437644944424313 0.23652832326989212 0.6046096137157245 0.34884006647297017 0.6112052284752489 0.0 0.5887771190257859 0.1348585314890489 0.16539759318996358 0.5554738132945174 
0.9144609479126435 0.8010796898530128 1.1711445043434172 0.3853228775706331 1.187729307420744 0.5887771190257859 0.0 0.680510618042428 0.4813194906740214 1.0224185945882704 
0.23400228415340793 0.25679846676688145 0.5819168961304655 0.3725975712928651 0.5748599366023596 0.1348585314890489 0.680510618042428 0.0 0.29939253762610296 0.42068515520329763 
0.5026468402678691 0.3240605734067658 0.6905033021720166 0.36439655285275924 0.7097502858419653 0.16539759318996358 0.4813194906740214 0.29939253762610296 0.0 0.7187971875507005 
0.3095396541716215 0.5814530467807576 0.7116473649111479 0.6442624420358399 0.668886316378421 0.5554738132945174 1.0224185945882704 0.42068515520329763 0.7187971875507005 0.0 
