0.0 0.17610489198283152 0.35905154007149837 0.9805897381966394 0.6534446666504 0.3877851005336683 0.30914589608835114 0.33370966320435574 0.8161635859714336 0.6998918206047364 
0.17610489198283152 0.0 0.18297608265638876 0.8101376347902104 0.48458057861478976 0.2429826597516589 0.18654078368641297 0.17226808529303295 0.6497577454610963 0.6398874055306285 
0.35905154007149837 0.18297608265638876 0.0 0.6380248929342871 0.3200031995384676 0.16807313351923472 0.18922799555662922 0.10682581415501438 0.4865564343450617 0.6304743656124825 
0.9805897381966394 0.8101376347902104 0.6380248929342871 0.0 0.3274031701174904 0.7251645718974542 0.7962612813898791 0.6477148944405152 0.17461001331446552 0.7535486893406831 
0.6534446666504 0.48458057861478976 0.3200031995384676 0.3274031701174904 0.0 0.43831266709165223 0.4953331142384916 0.32031433991960845 0.16667825150686127 0.56281307817097 
0.3877851005336683 0.2429826597516589 0.16807313351923472 0.7251645718974542 0.43831266709165223 0.0 0.08698557041970778 0.2685058468407482 0.5968562013358922 0.7973006622575123 
0.30914589608835114 0.18654078368641297 0.18922799555662922 0.7962612813898791 0.4953331142384916 0.08698557041970778 0.0 0.26772149378833726 0.6588100886333496 0.7926052587373332 
0.33370966320435574 0.17226808529303295 0.10682581415501438 0.6477148944405152 0.32031433991960845 0.2685058468407482 0.26772149378833726 0.0 0.4824729797169103 0.5296036154544006 
0.8161635859714336 0.6497577454610963 0.4865564343450617 0.17461001331446552 0.16667825150686127 0.5968562013358922 0.6588100886333496 0.4824729797169103 0.0 0.6039476349411003 
0.6998918206047364 0.6398874055306285 0.6304743656124825 0.7535486893406831 0.56281307817097 0.7973006622575123 0.7926052587373332 0.5296036154544006 0.6039476349411003 0.0 
