0.0 0.45343592249002224 0.18975569463567005 0.561859044880117 0.5724188865739611 0.361982283313561 0.24625655523132348 0.3891417312054524 0.7638706206959645 0.43018450512447215 
0.45343592249002224 0.0 0.5286843845132569 0.4715848781344206 0.5883019519761173 0.09258346584314013 0.31400400870900336 0.3849310617636042 0.3117629090349691 0.1532541154706402 
0.18975569463567005 0.5286843845132569 0.0 0.45911610680484916 0.42809623732877816 0.4387517184141444 0.2277564122621077 0.30094605324303586 0.8182060296526179 0.4484334984596945 
0.561859044880117 0.4715848781344206 0.45911610680484916 0.0 0.14629274010681237 0.44331922659726963 0.3262073416860005 0.1727439029234471 0.6019198129091392 0.31869470926680205 
0.5724188865739611 0.5883019519761173 0.42809623732877816 0.14629274010681237 0.0 0.5437051836519627 0.3718514682419791 0.22154401629844006 0.7459207293871023 0.43632126909618274 
0.361982283313561 0.09258346584314013 0.4387517184141444 0.44331922659726963 0.5437051836519627 0.0 0.23180132080713942 0.32825161285423365 0.4019487883230471 0.13932123717754033 
0.24625655523132348 0.31400400870900336 0.2277564122621077 0.3262073416860005 0.3718514682419791 0.23180132080713942 0.0 0.15767148664136058 0.5915372960582814 0.2206993847106072 
0.3891417312054524 0.3849310617636042 0.30094605324303586 0.1727439029234471 0.22154401629844006 0.32825161285423365 0.15767148664136058 0.0 0.600076603692049 0.24249222274110996 
0.7638706206959645 0.3117629090349691 0.8182060296526179 0.6019198129091392 0.7459207293871023 0.4019487883230471 0.5915372960582814 0.600076603692049 0.0 0.37402679999514726 
0.43018450512447215 0.1532541154706402 0.4484334984596945 0.31869470926680205 0.43632126909618274 0.13932123717754033 0.2206993847106072 0.24249222274110996 0.37402679999514726 0.0 
