0.0 0.851819195631447 0.25341320594823297 0.06863264867707053 0.740660579988815 0.6853519216899534 0.5279066284132368 0.7776016395722507 0.16857899976583257 0.8541675264341205 
0.851819195631447 0.0 0.6009845506574047 0.8271008935923373 0.8623862539760832 0.24237426749268084 0.35584779837091224 0.5182706994284308 0.9051723905896694 0.5010396731613248 
0.25341320594823297 0.6009845506574047 0.0 0.2430997984787601 0.704848593534476 0.4557749651089206 0.3010923133966414 0.6192507411409333 0.31935883149751987 0.683518018949271 
0.06863264867707053 0.8271008935923373 0.2430997984787601 0.0 0.6720567008090532 0.6468652488833958 0.4908278673184789 0.7189734799180731 0.23644970350128264 0.7971798526707351 
0.740660579988815 0.8623862539760832 0.704848593534476 0.6720567008090532 0.0 0.6259904303666817 0.5928706219951124 0.3742140926284879 0.9063756408076917 0.43977982705566143 
0.6853519216899534 0.24237426749268084 0.4557749651089206 0.6468652488833958 0.6259904303666817 0.0 0.1575821428898804 0.3112644154878435 0.7751257861248366 0.325066522937992 
0.5279066284132368 0.35584779837091224 0.3010923133966414 0.4908278673184789 0.5928706219951124 0.1575821428898804 0.0 0.3661127770737181 0.6200493502121488 0.41164623301189507 
0.7776016395722507 0.5182706994284308 0.6192507411409333 0.7189734799180731 0.3742140926284879 0.3112644154878435 0.3661127770737181 0.0 0.9130036123014617 0.08489158537532163 
0.16857899976583257 0.9051723905896694 0.31935883149751987 0.23644970350128264 0.9063756408076917 0.7751257861248366 0.6200493502121488 0.9130036123014617 0.0 0.9847262982664508 
0.8541675264341205 0.5010396731613248 0.683518018949271 0.7971798526707351 0.43977982705566143 0.325066522937992 0.41164623301189507 0.08489158537532163 0.9847262982664508 0.0 
