0.0 0.6406980674835207 0.6695709196627656 0.25375561247809203 0.6381075293025025 0.23862623049986376 0.6282134517946677 0.5599976083759801 0.19750680248362826 0.1655018652988885 
0.6406980674835207 0.0 0.18278012894776174 0.8942413945350614 0.14413531497902826 0.540637798011726 0.015469441088620917 0.7833431992964821 0.4464884600373483 0.8061681185901568 
0.6695709196627656 0.18278012894776174 0.0 0.9185474117696936 0.04563472907319458 0.6329835215529487 0.17443820886341374 0.6697955389265549 0.4967843042916224 0.8307892408967529 
0.25375561247809203 0.8942413945350614 0.9185474117696936 0.0 0.8890049102395201 0.4310758144703603 0.8818650017401853 0.6597394660199354 0.44902677902043237 0.08841862538334938 
0.6381075293025025 0.14413531497902826 0.04563472907319458 0.8890049102395201 0.0 0.5916246183090353 0.134005220038297 0.6748411357446231 0.4603784271366444 0.800883156277379 
0.23862623049986376 0.540637798011726 0.6329835215529487 0.4310758144703603 0.5916246183090353 0.0 0.5323686707455212 0.7506227133023564 0.17565607067335376 0.357968728014525 
0.6282134517946677 0.015469441088620917 0.17443820886341374 0.8818650017401853 0.134005220038297 0.5323686707455212 0.0 0.7680749211786453 0.43468646916824116 0.7937115371799476 
0.5599976083759801 0.7833431992964821 0.6697955389265549 0.6597394660199354 0.6748411357446231 0.7506227133023564 0.7680749211786453 0.0 0.5934053990232745 0.6111825217777276 
0.19750680248362826 0.4464884600373483 0.4967843042916224 0.44902677902043237 0.4603784271366444 0.17565607067335376 0.43468646916824116 0.5934053990232745 0.0 0.3616401951095075 
0.1655018652988885 0.8061681185901568 0.8307892408967529 0.08841862538334938 0.800883156277379 0.357968728014525 0.7937115371799476 0.6111825217777276 0.3616401951095075 0.0 
