0.0 0.39122767922569485 0.24558168733011257 0.7731599850427235 0.7867036141065343 0.7707588485034202 0.19242032984048868 0.5060535854945939 0.6234208610431848 0.13982644816231962 
0.39122767922569485 0.0 0.5376369400457911 0.9470646965253485 0.9820592332255826 0.7177873768508549 0.2277133183265616 0.35354247427555674 0.9592963010177661 0.39768787287977386 
0.24558168733011257 0.5376369400457911 0.0 0.5322081482537536 0.5424647791401976 0.6249032954437479 0.40735783904372663 0.4770198205245578 0.4217327649952947 0.14443927601354747 
0.7731599850427235 0.9470646965253485 0.5322081482537536 0.0 0.05935517689483287 0.48465601779386963 0.9028872500743107 0.6787099779777718 0.46448670163397004 0.6451735520084104 
0.7867036141065343 0.9820592332255826 0.5424647791401976 0.05935517689483287 0.0 0.5435577672485036 0.9256432656325065 0.7259186155099638 0.42649088687052966 0.6636284509747891 
0.7707588485034202 0.7177873768508549 0.6249032954437479 0.48465601779386963 0.5435577672485036 0.0 0.7968000214504186 0.36522354251144046 0.8425969866577399 0.6367438151462809 
0.19242032984048868 0.2277133183265616 0.40735783904372663 0.9028872500743107 0.9256432656325065 0.7968000214504186 0.0 0.4674969362225979 0.810298382910746 0.2668128727357871 
0.5060535854945939 0.35354247427555674 0.4770198205245578 0.6787099779777718 0.7259186155099638 0.36522354251144046 0.4674969362225979 0.0 0.8479224288158124 0.4056237468576254 
0.6234208610431848 0.9592963010177661 0.4217327649952947 0.46448670163397004 0.42649088687052966 0.8425969866577399 0.810298382910746 0.8479224288158124 0.0 0.5631008870449757 
0.13982644816231962 0.39768787287977386 0.14443927601354747 0.6451735520084104 0.6636284509747891 0.6367438151462809 0.2668128727357871 0.4056237468576254 0.5631008870449757 0.0 
