0.0 0.1295372300507503 0.9869059505047151 0.5098356497700097 0.4590578986223767 0.1801398126275943 0.4535137481477247 0.7929486830762871 0.1894873609345069 0.42525404881591206 
0.1295372300507503 0.0 0.9710299292788175 0.4592690059033566 0.44045220416471564 0.242060927219396 0.33291564734416174 0.8659914384936797 0.10153531538636178 0.5523581747406154 
0.9869059505047151 0.9710299292788175 0.0 0.5318708375977237 0.5318979111225132 0.8231726865307473 0.8636840293512704 0.6538241826659381 0.8740526208322604 1.2203815114787495 
0.5098356497700097 0.4592690059033566 0.5318708375977237 0.0 0.12456342109504656 0.39331137649048853 0.3487401604962212 0.6996253599852369 0.3580304983237315 0.856793488368482 
0.4590578986223767 0.44045220416471564 0.5318979111225132 0.12456342109504656 0.0 0.3115703085518954 0.4245184432949824 0.58494322232243 0.346481007051415 0.7623943588945631 
0.1801398126275943 0.242060927219396 0.8231726865307473 0.39331137649048853 0.3115703085518954 0.0 0.46829160737768666 0.625337639875507 0.21543931865351224 0.4650728263516148 
0.4535137481477247 0.33291564734416174 0.8636840293512704 0.3487401604962212 0.4245184432949824 0.46829160737768666 0.0 0.9941246499637794 0.27119682180906424 0.8777588470784966 
0.7929486830762871 0.8659914384936797 0.6538241826659381 0.6996253599852369 0.58494322232243 0.625337639875507 0.9941246499637794 0.0 0.81598261605153 0.7764891593188025 
0.1894873609345069 0.10153531538636178 0.8740526208322604 0.3580304983237315 0.346481007051415 0.21543931865351224 0.27119682180906424 0.81598261605153 0.0 0.6085570016050568 
0.42525404881591206 0.5523581747406154 1.2203815114787495 0.856793488368482 0.7623943588945631 0.4650728263516148 0.8777588470784966 0.7764891593188025 0.6085570016050568 0.0 
