0.0 0.4882253542800675 0.04444157288687326 0.5687940248973031 0.2408996533460126 0.10001728428059678 0.6738841728437804 0.1596066970835163 0.9073404975310482 0.8130900640511365 
0.4882253542800675 0.0 0.5322216057304374 0.3182045788677641 0.7246779944668635 0.4420895972008707 0.3989765867829739 0.6476103219404281 0.5692101110260687 0.6174713077154731 
0.04444157288687326 0.5322216057304374 0.0 0.6092109517925907 0.2003668076569614 0.12506744709514248 0.7136399924213571 0.11649386057609569 0.9477544170159531 0.8472415438933372 
0.5687940248973031 0.3182045788677641 0.6092109517925907 0.0 0.7529611795918434 0.5794961302909204 0.10706226487153582 0.7022500261185586 0.33857147813767574 0.30400313661289147 
0.2408996533460126 0.7246779944668635 0.2003668076569614 0.7529611795918434 0.0 0.32072095307276915 0.8507514866631084 0.08816645808609345 1.0857600023094802 0.9480031115526795 
0.10001728428059678 0.4420895972008707 0.12506744709514248 0.5794961302909204 0.32072095307276915 0.0 0.6864997506023192 0.2331861342257158 0.914263032483555 0.8468474047578821 
0.6738841728437804 0.3989765867829739 0.7136399924213571 0.10706226487153582 0.8507514866631084 0.6864997506023192 0.0 0.8037217194026847 0.2354160205940665 0.2218001021592506 
0.1596066970835163 0.6476103219404281 0.11649386057609569 0.7022500261185586 0.08816645808609345 0.2331861342257158 0.8037217194026847 0.0 1.0390864816994254 0.918560303690087 
0.9073404975310482 0.5692101110260687 0.9477544170159531 0.33857147813767574 1.0857600023094802 0.914263032483555 0.2354160205940665 1.0390864816994254 0.0 0.2517095161152053 
0.8130900640511365 0.6174713077154731 0.8472415438933372 0.30400313661289147 0.9480031115526795 0.8468474047578821 0.2218001021592506 0.918560303690087 0.2517095161152053 0.0 
