0.0 0.19321519269333456 0.26442330550299825 0.6110748145615126 0.4557799479242567 0.557751504745052 0.3728798295853886 0.17502418178137738 0.6108477146439055 0.3845419261842873 0.5046065489147947 0.07401991493306428 0.5621619100076856 0.4059811462821826 0.8184450508243294 
0.19321519269333456 0.0 0.45291178399346477 0.5722298349993978 0.6383028135904105 0.7351150006601789 0.29260609360063705 0.31364681527679683 0.7861694609242094 0.5388783904069528 0.6522062956316097 0.19787722254638243 0.421680167282735 0.5417963985375773 0.9294762521158528 
0.26442330550299825 0.45291178399346477 0.0 0.7996027100497837 0.19490524150665653 0.3013976829521654 0.6098466432299674 0.1922177644691 0.4637609992888214 0.19660401658021265 0.4533717463619352 0.30222504336254874 0.8163078278057172 0.40626434626872354 0.8014098224258152 
0.6110748145615126 0.5722298349993978 0.7996027100497837 0.0 0.9819788528294346 1.0902400867573188 0.282823529329916 0.7853376766383626 0.8035206760262326 0.9743005559460767 0.596678103786501 0.5393134187048177 0.3389556249869635 0.5126663576127563 0.6365485143110463 
0.4557799479242567 0.6383028135904105 0.19490524150665653 0.9819788528294346 0.0 0.10856948858769475 0.8040159746520037 0.3420724779838404 0.48182241706858436 0.17583134283395785 0.549776558904957 0.4970899760132174 1.0111788481819544 0.5388818673055468 0.8876196951754047 
0.557751504745052 0.7351150006601789 0.3013976829521654 1.0902400867573188 0.10856948858769475 0.0 0.911228279127894 0.42925165175391045 0.5457971399055819 0.22532053879985878 0.6397664794455463 0.6026541822911485 1.1164202203966869 0.6389500256827592 0.968710982021028 
0.3728798295853886 0.29260609360063705 0.6098466432299674 0.282823529329916 0.8040159746520037 0.911228279127894 0.0 0.5451544235317055 0.7720636357405943 0.7563761094974941 0.5853667794341538 0.3123298323150866 0.22331574216651448 0.4730735733416853 0.7665732221428815 
0.17502418178137738 0.31364681527679683 0.1922177644691 0.7853376766383626 0.3420724779838404 0.42925165175391045 0.5451544235317055 0.0 0.6404146733816966 0.2252473552123102 0.5882120514769362 0.246080295394882 0.722286250844358 0.511282736424005 0.9267780318292301 
0.6108477146439055 0.7861694609242094 0.4637609992888214 0.8035206760262326 0.48182241706858436 0.5457971399055819 0.7720636357405943 0.6404146733816966 0.0 0.6216945908403372 0.2069318467261596 0.5882924472222513 0.9923063436127388 0.3032616399266499 0.4402414433603787 
0.3845419261842873 0.5388783904069528 0.19660401658021265 0.9743005559460767 0.17583134283395785 0.22532053879985878 0.7563761094974941 0.2252473552123102 0.6216945908403372 0.0 0.6437974371345988 0.44540238211921046 0.9439823190295014 0.6026679190330235 0.9915092546937286 
0.5046065489147947 0.6522062956316097 0.4533717463619352 0.596678103786501 0.549776558904957 0.6397664794455463 0.5853667794341538 0.5882120514769362 0.2069318467261596 0.6437974371345988 0.0 0.4610910862195872 0.8003647239803191 0.11520379885684554 0.3481264432516549 
0.07401991493306428 0.19787722254638243 0.30222504336254874 0.5393134187048177 0.4970899760132174 0.6026541822911485 0.3123298323150866 0.246080295394882 0.5882924472222513 0.44540238211921046 0.4610910862195872 0.0 0.514089340945921 0.35542120296116053 0.760678761904865 
0.5621619100076856 0.421680167282735 0.8163078278057172 0.3389556249869635 1.0111788481819544 1.1164202203966869 0.22331574216651448 0.722286250844358 0.9923063436127388 0.9439823190295014 0.8003647239803191 0.514089340945921 0.0 0.6907709405077306 0.9399899873921238 
0.4059811462821826 0.5417963985375773 0.40626434626872354 0.5126663576127563 0.5388818673055468 0.6389500256827592 0.4730735733416853 0.511282736424005 0.3032616399266499 0.6026679190330235 0.11520379885684554 0.35542120296116053 0.6907709405077306 0.0 0.41673871636685683 
0.8184450508243294 0.9294762521158528 0.8014098224258152 0.6365485143110463 0.8876196951754047 0.968710982021028 0.7665732221428815 0.9267780318292301 0.4402414433603787 0.9915092546937286 0.3481264432516549 0.760678761904865 0.9399899873921238 0.41673871636685683 0.0 
