0.0 0.34287137146297086 0.29275890653170245 0.49759270046764914 0.3549833499680103 0.22727469703080852 0.4631733230174474 0.3895667961491099 0.6220531483965013 0.43974996588296733 0.3873138966600886 0.3521039013847207 0.4362732773436583 0.2773503450652972 0.24988842681356277 
0.34287137146297086 0.0 0.4196678686780528 0.6902031320115875 0.27352508363968026 0.43663141896834023 0.29438666791148516 0.6572946209774072 0.871863285461943 0.09760581848785363 0.403410690155462 0.6101911673421077 0.3904901605923057 0.6105608414254222 0.5927192505292915 
0.29275890653170245 0.4196678686780528 0.0 0.27062902627324203 0.20932571199792968 0.5200332609098376 0.31833515245324856 0.27751265495409416 0.4618196382997537 0.5020943871684995 0.1310078145132015 0.23039914794363905 0.20452005807558993 0.35667675763204176 0.4055838745452678 
0.49759270046764914 0.6902031320115875 0.27062902627324203 0.0 0.4612418450061655 0.7077502776519161 0.5491954736859777 0.1780584538038268 0.2123900939619856 0.7721582232489538 0.33524310376188377 0.17676918995732568 0.4008939889022093 0.3864744378746653 0.47269231915990273 
0.3549833499680103 0.27352508363968026 0.20932571199792968 0.4612418450061655 0.0 0.5551880717324558 0.1181402052476636 0.48628690507426064 0.6645651630551394 0.3315787984913951 0.13673688266560663 0.4386703889164666 0.11856417244028297 0.5305859127617445 0.5553263169845238 
0.22727469703080852 0.43663141896834023 0.5200332609098376 0.7077502776519161 0.5551880717324558 0.0 0.6487867665526125 0.5724424363989035 0.7996914048395749 0.5161840394419525 0.6094622121394577 0.5449425504068373 0.651149541866756 0.39469452519635745 0.31803595519775635 
0.4631733230174474 0.29438666791148516 0.31833515245324856 0.5491954736859777 0.1181402052476636 0.6487867665526125 0.0 0.5953674679851341 0.7586205770471305 0.3181247840523059 0.21415481563922195 0.5486380107348531 0.15309404181937425 0.6486981808841639 0.672542376331566 
0.3895667961491099 0.6572946209774072 0.27751265495409416 0.1780584538038268 0.48628690507426064 0.5724424363989035 0.5953674679851341 0.0 0.23256525763666244 0.7497025345788052 0.3929636031566611 0.04832583622073173 0.468283629045529 0.21365171202654837 0.3033075045486413 
0.6220531483965013 0.871863285461943 0.4618196382997537 0.2123900939619856 0.6645651630551394 0.7996914048395749 0.7586205770471305 0.23256525763666244 0.0 0.959923508220857 0.5445304749513545 0.2719371086854567 0.6123523466458106 0.4169890844176268 0.5071910234858202 
0.43974996588296733 0.09760581848785363 0.5020943871684995 0.7721582232489538 0.3315787984913951 0.5161840394419525 0.3181247840523059 0.7497025345788052 0.959923508220857 0.0 0.467532562684529 0.7021407481819649 0.44104858826927845 0.7081492348565953 0.6896345533565738 
0.3873138966600886 0.403410690155462 0.1310078145132015 0.33524310376188377 0.13673688266560663 0.6094622121394577 0.21415481563922195 0.3929636031566611 0.5445304749513545 0.467532562684529 0.0 0.34879164887396114 0.07567550176185676 0.48757705812614865 0.5335032122288081 
0.3521039013847207 0.6101911673421077 0.23039914794363905 0.17676918995732568 0.4386703889164666 0.5449425504068373 0.5486380107348531 0.04832583622073173 0.2719371086854567 0.7021407481819649 0.34879164887396114 0.0 0.42438006913750176 0.21112956019067677 0.2960062662150949 
0.4362732773436583 0.3904901605923057 0.20452005807558993 0.4008939889022093 0.11856417244028297 0.651149541866756 0.15309404181937425 0.468283629045529 0.6123523466458106 0.44104858826927845 0.07567550176185676 0.42438006913750176 0.0 0.5595921423788941 0.6013323296416122 
0.2773503450652972 0.6105608414254222 0.35667675763204176 0.3864744378746653 0.5305859127617445 0.39469452519635745 0.6486981808841639 0.21365171202654837 0.4169890844176268 0.7081492348565953 0.48757705812614865 0.21112956019067677 0.5595921423788941 0.0 0.09118061351523994 
0.24988842681356277 0.5927192505292915 0.4055838745452678 0.47269231915990273 0.5553263169845238 0.31803595519775635 0.672542376331566 0.3033075045486413 0.5071910234858202 0.6896345533565738 0.5335032122288081 0.2960062662150949 0.6013323296416122 0.09118061351523994 0.0 
