0.0 0.4574737551310134 0.34737411170314936 0.7016065417728536 0.5282906216039808 0.27070976029866123 0.07270286597012875 0.3216319339744526 0.254429552550124 0.4668656298502566 0.5598725737087731 0.46780070155588993 0.7061862210368546 0.34301457263405666 0.23039663958034387 
0.4574737551310134 0.0 0.7175315697294925 0.44412951900897046 0.8910043172397435 0.6104221473587937 0.4917177636188652 0.4044315207537192 0.30640417800809083 0.6352973544523082 0.1990535677676408 0.4570677836939527 0.7394674174187055 0.6831537229300573 0.4720788980563056 
0.34737411170314936 0.7175315697294925 0.0 1.0397156660355178 0.7043653463798737 0.5446816981284098 0.38912343560206386 0.66833991560043 0.4170215475596757 0.7826165880690329 0.7364537428735075 0.8144849454165743 1.0377871026588292 0.591727064530585 0.5648797126040775 
0.7016065417728536 0.44412951900897046 1.0397156660355178 0.0 0.8854225413297736 0.6745820906966595 0.6875540669164446 0.4186378134126943 0.6927454453614267 0.5262942749337085 0.6206973577806227 0.31324871520472236 0.45055085203493045 0.7152766604698475 0.548848891151168 
0.5282906216039808 0.8910043172397435 0.7043653463798737 0.8854225413297736 0.0 0.28313995544093595 0.45847014310707496 0.514211665892179 0.7792689297137997 0.36420848781810083 1.0476532729075527 0.5735522223239216 0.5792325546775539 0.20803090694338452 0.41918141654510754 
0.27070976029866123 0.6104221473587937 0.5446816981284098 0.6745820906966595 0.28313995544093595 0.0 0.19812844006362665 0.2626495278839272 0.5079934097017641 0.2474303461872503 0.7645630152385007 0.36963516597916063 0.5116014239705747 0.07726733190298059 0.14394281095306385 
0.07270286597012875 0.4917177636188652 0.38912343560206386 0.6875540669164446 0.45847014310707496 0.19812844006362665 0.0 0.28574138508041835 0.321117139296661 0.4036580178649535 0.6122533675927623 0.43019753444536196 0.6509477042687601 0.2703853816076585 0.17581485263471625 
0.3216319339744526 0.4044315207537192 0.66833991560043 0.4186378134126943 0.514211665892179 0.2626495278839272 0.28574138508041835 0.0 0.4397183337089109 0.2334606034888154 0.5898684878261236 0.14618806245127527 0.40682445842424364 0.3171902220487939 0.1302267073296513 
0.254429552550124 0.30640417800809083 0.4170215475596757 0.6927454453614267 0.7792689297137997 0.5079934097017641 0.321117139296661 0.4397183337089109 0.0 0.6502114172067668 0.33208907244005237 0.5645713310781135 0.8452806711381307 0.5844091667031595 0.4168476389528249 
0.4668656298502566 0.6352973544523082 0.7826165880690329 0.5262942749337085 0.36420848781810083 0.2474303461872503 0.4036580178649535 0.2334606034888154 0.6502114172067668 0.0 0.8232015677268885 0.2232244230963654 0.26456104683744025 0.2391297155243014 0.24046143044305876 
0.5598725737087731 0.1990535677676408 0.7364537428735075 0.6206973577806227 1.0476532729075527 0.7645630152385007 0.6122533675927623 0.5898684878261236 0.33208907244005237 0.8232015677268885 0.0 0.6548662169840673 0.9384597219839262 0.8406897117622173 0.6365443348407104 
0.46780070155588993 0.4570677836939527 0.8144849454165743 0.31324871520472236 0.5735522223239216 0.36963516597916063 0.43019753444536196 0.14618806245127527 0.5645713310781135 0.2232244230963654 0.6548662169840673 0.0 0.2891177834710561 0.40359468504285567 0.2633778047605448 
0.7061862210368546 0.7394674174187055 1.0377871026588292 0.45055085203493045 0.5792325546775539 0.5116014239705747 0.6509477042687601 0.40682445842424364 0.8452806711381307 0.26456104683744025 0.9384597219839262 0.2891177834710561 0.0 0.5001068219970635 0.4764799534238315 
0.34301457263405666 0.6831537229300573 0.591727064530585 0.7152766604698475 0.20803090694338452 0.07726733190298059 0.2703853816076585 0.3171902220487939 0.5844091667031595 0.2391297155243014 0.8406897117622173 0.40359468504285567 0.5001068219970635 0.0 0.2119398082276361 
0.23039663958034387 0.4720788980563056 0.5648797126040775 0.548848891151168 0.41918141654510754 0.14394281095306385 0.17581485263471625 0.1302267073296513 0.4168476389528249 0.24046143044305876 0.6365443348407104 0.2633778047605448 0.4764799534238315 0.2119398082276361 0.0 
