0.0 0.09881683031209258 0.0780041321381472 0.7669820117266375 0.6329688647549145 0.9566200781546246 0.0402527975749575 0.4347807240649122 1.1064076200746884 0.3529751342359566 0.7104926182664393 0.9833526637023042 0.24095067899956146 0.9048268892930399 0.7814376321013533 
0.09881683031209258 0.0 0.04109917000305312 0.7909598828657531 0.5716382602582141 0.9344620944232912 0.09797565028829984 0.5205597126669931 1.0858829642315653 0.41790125507730086 0.6342070004700224 0.9720231942409296 0.30546350475009837 0.9204815577254258 0.7203226983606514 
0.0780041321381472 0.04109917000305312 0.0 0.8129376412752752 0.6124675251520377 0.9697942613217624 0.06317216191406004 0.5118642829127686 1.1209745270256815 0.421496739309 0.6750658246846056 1.0048642844011304 0.3085042155260206 0.9454805231929031 0.7611943516371799 
0.7669820117266375 0.7909598828657531 0.8129376412752752 0.0 0.630204643482018 0.4340502931617188 0.8071988483876857 0.5652796836216853 0.5235537423980974 0.47040529904703027 0.7803270086206071 0.37047306580628353 0.5507340666067035 0.15226581846657444 0.6740201064890631 
0.6329688647549145 0.5716382602582141 0.6124675251520377 0.630204643482018 0.0 0.4777678989717459 0.6569212836811883 0.8226833024253111 0.6180115846249893 0.6530827135564404 0.151879472252691 0.563767203089344 0.6134040825044137 0.6729805061386559 0.14883654424913917 
0.9566200781546246 0.9344620944232912 0.9697942613217624 0.4340502931617188 0.4777678989717459 0.0 0.9920728793114191 0.9279142020217374 0.15175525600171932 0.7848202064730363 0.5816290770700716 0.1116478327057335 0.8160954384087462 0.35718793881249933 0.41658173021546596 
0.0402527975749575 0.09797565028829984 0.06317216191406004 0.8071988483876857 0.6569212836811883 0.9920728793114191 0.0 0.4644992062185423 1.142271168116924 0.3905158894722397 0.7277250173646079 1.020676974368879 0.27924139509944784 0.9447977262630938 0.8057103814683562 
0.4347807240649122 0.5205597126669931 0.5118642829127686 0.5652796836216853 0.8226833024253111 0.9279142020217374 0.4644992062185423 0.0 1.0536919378468916 0.1696617518010814 0.9528980261920763 0.9035482295203742 0.23848471894513373 0.7167601244898839 0.9472336119231297 
1.1064076200746884 1.0858829642315653 1.1209745270256815 0.5235537423980974 0.6180115846249893 0.15175525600171932 1.142271168116924 1.0536919378468916 0.0 0.9188818131894265 0.707702311835843 0.15359147283039862 0.9579238538521264 0.4097975893362902 0.5373328132858489 
0.3529751342359566 0.41790125507730086 0.421496739309 0.47040529904703027 0.6530827135564404 0.7848202064730363 0.3905158894722397 0.1696617518010814 0.9188818131894265 0.0 0.7845341844377239 0.7735411581848408 0.11300370806654501 0.621215598675326 0.7780551964115147 
0.7104926182664393 0.6342070004700224 0.6750658246846056 0.7803270086206071 0.151879472252691 0.5816290770700716 0.7277250173646079 0.9528980261920763 0.707702311835843 0.7845341844377239 0.0 0.6792022473470866 0.7320976167992695 0.8152899151620745 0.1714992218978449 
0.9833526637023042 0.9720231942409296 1.0048642844011304 0.37047306580628353 0.563767203089344 0.1116478327057335 1.020676974368879 0.9035482295203742 0.15359147283039862 0.7735411581848408 0.6792022473470866 0.0 0.8196518561965549 0.26610137871401374 0.5190873415193764 
0.24095067899956146 0.30546350475009837 0.3085042155260206 0.5507340666067035 0.6134040825044137 0.8160954384087462 0.27924139509944784 0.23848471894513373 0.9579238538521264 0.11300370806654501 0.7320976167992695 0.8196518561965549 0.0 0.6970884233319762 0.749361709321521 
0.9048268892930399 0.9204815577254258 0.9454805231929031 0.15226581846657444 0.6729805061386559 0.35718793881249933 0.9447977262630938 0.7167601244898839 0.4097975893362902 0.621215598675326 0.8152899151620745 0.26610137871401374 0.6970884233319762 0.0 0.6838113833868441 
0.7814376321013533 0.7203226983606514 0.7611943516371799 0.6740201064890631 0.14883654424913917 0.41658173021546596 0.8057103814683562 0.9472336119231297 0.5373328132858489 0.7780551964115147 0.1714992218978449 0.5190873415193764 0.749361709321521 0.6838113833868441 0.0 
