0.0 0.2633667929646464 0.5979512170678939 0.798245028425383 0.17896305129823575 0.3022422921333503 0.018325597198979617 0.7916416381339062 0.4008496645216776 0.4762845274011031 0.6079197201219032 0.8396271891144214 0.07012312516757524 0.5662358668239582 0.4846191519846243 
0.2633667929646464 0.0 0.6096574952336182 1.008015690646871 0.44174950069454033 0.45148797686834186 0.2619444770398286 0.7870894945494737 0.625392561584359 0.5844984986499263 0.8251340602805767 0.7733290420284552 0.31809626150052367 0.4509913691923515 0.587484239737285 
0.5979512170678939 0.6096574952336182 0.0 0.694194619215715 0.669962642942246 0.35145403475196796 0.6155406013745098 0.19377605337222656 0.526506189897539 0.22579422665180693 0.5953909097933485 0.29277862955158146 0.5626817766559502 0.2894701508484683 0.21328777164772336 
0.798245028425383 1.008015690646871 0.694194619215715 0.0 0.6929481522164783 0.5638780448088427 0.8121716100102733 0.7706401317512914 0.39804939819274815 0.5065272966948347 0.19139360293051505 0.950551956995556 0.7281268729988379 0.9470358581643424 0.5137113648588413 
0.17896305129823575 0.44174950069454033 0.669962642942246 0.6929481522164783 0.0 0.32416160828056534 0.18004556285953682 0.8599293571465034 0.3058048290471491 0.49562177245167316 0.5029453757651635 0.940672355162693 0.14336335940211217 0.7037240442890437 0.507018839361972 
0.3022422921333503 0.45148797686834186 0.35145403475196796 0.5638780448088427 0.32416160828056534 0.0 0.3203418485800173 0.5376184989434748 0.2261592693821148 0.1775241590563176 0.39236794407354514 0.6348768123858806 0.24484304050872346 0.4614589816306449 0.18745886363337128 
0.018325597198979617 0.2619444770398286 0.6155406013745098 0.8121716100102733 0.18004556285953682 0.3203418485800173 0.0 0.8091823977591588 0.4143822445659002 0.4945673286724845 0.6215272921268263 0.8555569696283032 0.08492821104910733 0.5793015621583477 0.5029239279919735 
0.7916416381339062 0.7870894945494737 0.19377605337222656 0.7706401317512914 0.8599293571465034 0.5376184989434748 0.8091823977591588 0.0 0.6876718970865604 0.386767319937964 0.7140566209157008 0.18954907981686103 0.7561014617528792 0.3960340001327124 0.37367980740453105 
0.4008496645216776 0.625392561584359 0.526506189897539 0.39804939819274815 0.3058048290471491 0.2261592693821148 0.4143822445659002 0.6876718970865604 0.0 0.30328779850712567 0.20714564920618583 0.8192783937731171 0.330840062406758 0.6848247491917958 0.31634668062847243 
0.4762845274011031 0.5844984986499263 0.22579422665180693 0.5065272966948347 0.49562177245167316 0.1775241590563176 0.4945673286724845 0.386767319937964 0.30328779850712567 0.0 0.37956620708828603 0.5178541977966041 0.4218370057607631 0.44129760429859133 0.01311983575174038 
0.6079197201219032 0.8251340602805767 0.5953909097933485 0.19139360293051505 0.5029453757651635 0.39236794407354514 0.6215272921268263 0.7140566209157008 0.20714564920618583 0.37956620708828603 0.0 0.876699253841061 0.5378611429166218 0.8146825136580456 0.3899029058903413 
0.8396271891144214 0.7733290420284552 0.29277862955158146 0.950551956995556 0.940672355162693 0.6348768123858806 0.8555569696283032 0.18954907981686103 0.8192783937731171 0.5178541977966041 0.876699253841061 0.0 0.8185945680837694 0.3288726860057492 0.5051140462549762 
0.07012312516757524 0.31809626150052367 0.5626817766559502 0.7281268729988379 0.14336335940211217 0.24484304050872346 0.08492821104910733 0.7561014617528792 0.330840062406758 0.4218370057607631 0.5378611429166218 0.8185945680837694 0.0 0.5650542166755739 0.43113182333617533 
0.5662358668239582 0.4509913691923515 0.2894701508484683 0.9470358581643424 0.7037240442890437 0.4614589816306449 0.5793015621583477 0.3960340001327124 0.6848247491917958 0.44129760429859133 0.8146825136580456 0.3288726860057492 0.5650542166755739 0.0 0.43347850874189786 
0.4846191519846243 0.587484239737285 0.21328777164772336 0.5137113648588413 0.507018839361972 0.18745886363337128 0.5029239279919735 0.37367980740453105 0.31634668062847243 0.01311983575174038 0.3899029058903413 0.5051140462549762 0.43113182333617533 0.43347850874189786 0.0 
