0.0 0.5524134544551613 0.7392610490749326 0.278388048997589 0.9056670758874986 1.153048048480581 0.5708311088656016 0.9588874472132412 0.9022612729359671 0.6173011460980934 0.6361770988079019 0.6199294081928477 0.3186681861472289 0.386731846803767 0.5509482800842478 
0.5524134544551613 0.0 0.32227852460452805 0.33082512801808617 0.5980956985652834 0.6622002959184417 0.36314064158297243 0.548884498533753 0.6066361318124723 0.3826683394489972 0.22579749847516428 0.43093958186151743 0.2812855154940058 0.5263860117123332 0.24948281327040336 
0.7392610490749326 0.32227852460452805 0.0 0.46176682637670924 0.2841750385461123 0.4178125649387851 0.2309192198003273 0.23476164830401366 0.2958089007986426 0.20457975522986166 0.11055644515663485 0.25268793161213265 0.5622251796743576 0.5189298478992699 0.19023845742549586 
0.278388048997589 0.33082512801808617 0.46176682637670924 0.0 0.6368199043288006 0.8775641212041985 0.3011388107348888 0.6807426929718516 0.6353173377283562 0.347047126779972 0.3614247007931612 0.3590259386297881 0.24951606978351776 0.24000333067168414 0.2726843231792378 
0.9056670758874986 0.5980956985652834 0.2841750385461123 0.6368199043288006 0.0 0.42937796106297305 0.3359889622565466 0.17924275508655524 0.0192385684265901 0.28981526397926843 0.37265660120434496 0.28799717285734117 0.803359047793571 0.5811446056051477 0.3930210713525021 
1.153048048480581 0.6622002959184417 0.4178125649387851 0.8775641212041985 0.42937796106297305 0.0 0.6327012792888881 0.2576285775922528 0.44807716741424675 0.5944213521745122 0.5168847383416285 0.6271460932308364 0.9389640193323604 0.9229860953190882 0.6078814863428574 
0.5708311088656016 0.36314064158297243 0.2309192198003273 0.3011388107348888 0.3359889622565466 0.6327012792888881 0.0 0.40263464625951845 0.33418058920727345 0.0464700421273338 0.1927465888891584 0.07121337110755553 0.490883865002066 0.2910072898125767 0.11453457397910635 
0.9588874472132412 0.548884498533753 0.23476164830401366 0.6807426929718516 0.17924275508655524 0.2576285775922528 0.40263464625951845 0.0 0.19847793351050977 0.3593610484699172 0.34512448582518107 0.3830664631012235 0.7969868123013487 0.6852606971416443 0.4099807369212373 
0.9022612729359671 0.6066361318124723 0.2958089007986426 0.6353173377283562 0.0192385684265901 0.44807716741424675 0.33418058920727345 0.19847793351050977 0.0 0.2884170702605576 0.38088378997474315 0.28305887234541927 0.8067849111122906 0.572525389190372 0.396381229552133 
0.6173011460980934 0.3826683394489972 0.20457975522986166 0.347047126779972 0.28981526397926843 0.5944213521745122 0.0464700421273338 0.3593610484699172 0.2884170702605576 0.0 0.1894883481853909 0.053727026093020123 0.5300853678195674 0.32878231648239825 0.13474565389770693 
0.6361770988079019 0.22579749847516428 0.11055644515663485 0.3614247007931612 0.37265660120434496 0.5168847383416285 0.1927465888891584 0.34512448582518107 0.38088378997474315 0.1894883481853909 0.0 0.24316941761052352 0.45202729113289275 0.45465146415344954 0.10395531958474855 
0.6199294081928477 0.43093958186151743 0.25268793161213265 0.3590259386297881 0.28799717285734117 0.6271460932308364 0.07121337110755553 0.3830664631012235 0.28305887234541927 0.053727026093020123 0.24316941761052352 0.0 0.559954630506255 0.3029765308548106 0.18147612366850588 
0.3186681861472289 0.2812855154940058 0.5622251796743576 0.24951606978351776 0.803359047793571 0.9389640193323604 0.490883865002066 0.7969868123013487 0.8067849111122906 0.5300853678195674 0.45202729113289275 0.559954630506255 0.0 0.48774858343914584 0.4104333943296951 
0.386731846803767 0.5263860117123332 0.5189298478992699 0.24000333067168414 0.5811446056051477 0.9229860953190882 0.2910072898125767 0.6852606971416443 0.572525389190372 0.32878231648239825 0.45465146415344954 0.3029765308548106 0.48774858343914584 0.0 0.35118217974920796 
0.5509482800842478 0.24948281327040336 0.19023845742549586 0.2726843231792378 0.3930210713525021 0.6078814863428574 0.11453457397910635 0.4099807369212373 0.396381229552133 0.13474565389770693 0.10395531958474855 0.18147612366850588 0.4104333943296951 0.35118217974920796 0.0 
