0.0 0.6244128745807886 0.799489068229167 0.10242412693051946 0.26836181177855767 0.39526435932469534 0.7206724904534542 0.2830803177607857 0.29111013749780296 0.6264012814092986 0.14669209221356488 0.7468123128129318 0.32411546609019326 0.6932777674515574 0.02593869525778897 
0.6244128745807886 0.0 0.31414758620809713 0.6857246883434222 0.8769739249686819 0.25281289720423744 0.9280479890572841 0.7291390959991219 0.8880811417289428 0.5674373082181005 0.698891789172598 0.7800970340068882 0.6556884890903624 0.5597134900780076 0.6039770860805326 
0.799489068229167 0.31414758620809713 0.0 0.8847491872120268 1.007690453622286 0.5187332807540348 0.8269148633289674 0.7944297622052002 1.0067559507911217 0.4342078161954715 0.9109517640156968 0.6234875888262874 0.6935891604698853 0.38356519068256983 0.7745884345519333 
0.10242412693051946 0.6857246883434222 0.8847491872120268 0.0 0.27095482449137537 0.4420550364533598 0.8109649706434686 0.3646172898283482 0.3037711681770279 0.7287085960204384 0.0476298015706852 0.8473396384455419 0.41984176667584494 0.795041820918743 0.12715395431596144 
0.26836181177855767 0.8769739249686819 1.007690453622286 0.27095482449137537 0.0 0.6605581626424604 0.6751521146431243 0.26086712214900276 0.03971053640497553 0.7328055085823966 0.30290992370148856 0.7835761455026791 0.3660836467011638 0.8113458181999916 0.28190909069684167 
0.39526435932469534 0.25281289720423744 0.5187332807540348 0.4420550364533598 0.6605581626424604 0.0 0.8760794137247387 0.5670694810589778 0.6782047785068284 0.5912272664942506 0.4504521098930274 0.7885608253924394 0.5245280416595004 0.6179942194947 0.37897409347351013 
0.7206724904534542 0.9280479890572841 0.8269148633289674 0.8109649706434686 0.6751521146431243 0.8760794137247387 0.0 0.4495508417973133 0.6421665412097749 0.39298110366231087 0.8585942539910618 0.23431018766143788 0.3999727818936239 0.4494840052105511 0.7041620984562771 
0.2830803177607857 0.7291390959991219 0.7944297622052002 0.3646172898283482 0.26086712214900276 0.5670694810589778 0.4495508417973133 0.0 0.24147624310681284 0.47594056666865725 0.4120222300709153 0.5261200681338344 0.10943673989917745 0.5558787575969388 0.2721872602066133 
0.29111013749780296 0.8880811417289428 1.0067559507911217 0.3037711681770279 0.03971053640497553 0.6782047785068284 0.6421665412097749 0.24147624310681284 0.0 0.716905534364172 0.33803841580110594 0.7582804789084285 0.3495080896833901 0.7963613126015286 0.30197929458154393 
0.6264012814092986 0.5674373082181005 0.4342078161954715 0.7287085960204384 0.7328055085823966 0.5912272664942506 0.39298110366231087 0.47594056666865725 0.716905534364172 0.0 0.7708365574724259 0.21266273207652936 0.3674149364122475 0.08129633771298181 0.6016001562614699 
0.14669209221356488 0.698891789172598 0.9109517640156968 0.0476298015706852 0.30290992370148856 0.4504521098930274 0.8585942539910618 0.4120222300709153 0.33803841580110594 0.7708365574724259 0.0 0.8932691432489841 0.4670604781659834 0.8357265348294625 0.17005767714724873 
0.7468123128129318 0.7800970340068882 0.6234875888262874 0.8473396384455419 0.7835761455026791 0.7885608253924394 0.23431018766143788 0.5261200681338344 0.7582804789084285 0.21266273207652936 0.8932691432489841 0.0 0.4351839102214581 0.24038868351173254 0.724799568854325 
0.32411546609019326 0.6556884890903624 0.6935891604698853 0.41984176667584494 0.3660836467011638 0.5245280416595004 0.3999727818936239 0.10943673989917745 0.3495080896833901 0.3674149364122475 0.4670604781659834 0.4351839102214581 0.0 0.4469290385034471 0.3058155610211507 
0.6932777674515574 0.5597134900780076 0.38356519068256983 0.795041820918743 0.8113458181999916 0.6179942194947 0.4494840052105511 0.5558787575969388 0.7963613126015286 0.08129633771298181 0.8357265348294625 0.24038868351173254 0.4469290385034471 0.0 0.6679939720311666 
0.02593869525778897 0.6039770860805326 0.7745884345519333 0.12715395431596144 0.28190909069684167 0.37897409347351013 0.7041620984562771 0.2721872602066133 0.30197929458154393 0.6016001562614699 0.17005767714724873 0.724799568854325 0.3058155610211507 0.6679939720311666 0.0 
