0.0 0.6740635008458873 0.558796709502195 0.262138177136561 0.2070924432386834 0.18535183648947848 0.5997842878780312 0.6117787983693348 0.31492853437201407 0.1121602527482482 0.3918773557099801 0.7860147031057662 0.6298847627747154 0.8828426435492092 0.2272779385195142 
0.6740635008458873 0.0 0.3784857842343167 0.41341834819958756 0.8809149351074006 0.49018969066065543 0.3599709381268102 0.5165705491869519 0.5730049975242578 0.696339404949346 0.36919879139286166 0.7230809296246531 0.11702752935351884 0.22757926697083777 0.8768176731850805 
0.558796709502195 0.3784857842343167 0.0 0.3544980124253449 0.7439965644764038 0.43438406185363077 0.04569746146406351 0.7630355831990911 0.2990244864353507 0.6379896386493413 0.503103670425908 0.362565301945311 0.44728769501544346 0.4646700893141708 0.6861808908783082 
0.262138177136561 0.41341834819958756 0.3544980124253449 0.0 0.4691840619171595 0.08756108898412833 0.38628288765470564 0.4948422198592633 0.2625684835817325 0.30516079835651433 0.21734389626291786 0.6665179410241543 0.3814534599592739 0.6209192189531428 0.46594124935417636 
0.2070924432386834 0.8809149351074006 0.7439965644764038 0.4691840619171595 0.0 0.3911483926790348 0.7873406051819216 0.7610966867944067 0.4660996838028821 0.217757912590657 0.5806017567196031 0.9190054268697662 0.8331551553920589 1.089609450109439 0.12882702458883225 
0.18535183648947848 0.49018969066065543 0.43438406185363077 0.08756108898412833 0.3911483926790348 0.0 0.4686954847228409 0.4870337261741609 0.28740537677586236 0.2177278351645984 0.2279357820188212 0.7271652456993267 0.44498719108730445 0.7033868684555267 0.40312422788341856 
0.5997842878780312 0.3599709381268102 0.04569746146406351 0.38628288765470564 0.7873406051819216 0.4686954847228409 0.0 0.7725401182588673 0.344695248801205 0.6759799046751527 0.5203825182663474 0.36686437032533825 0.43856458668997683 0.42745612072029704 0.7312559747093397 
0.6117787983693348 0.5165705491869519 0.7630355831990911 0.4948422198592633 0.7610966867944067 0.4870337261741609 0.7725401182588673 0.0 0.7572197538125647 0.5460626437242015 0.27943884804573715 1.1200882455427688 0.39975186977482624 0.7180930207337606 0.8325135797113793 
0.31492853437201407 0.5730049975242578 0.2990244864353507 0.2625684835817325 0.4660996838028821 0.28740537677586236 0.344695248801205 0.7572197538125647 0.0 0.41913183917418806 0.47974474013816276 0.47113861802727014 0.5866336451865863 0.7282944174632923 0.3918727842234201 
0.1121602527482482 0.696339404949346 0.6379896386493413 0.30516079835651433 0.217757912590657 0.2177278351645984 0.6759799046751527 0.5460626437242015 0.41913183917418806 0.0 0.3689577091684081 0.889358411931527 0.6345245480031226 0.9156324436396299 0.2916754799158187 
0.3918773557099801 0.36919879139286166 0.503103670425908 0.21734389626291786 0.5806017567196031 0.2279357820188212 0.5203825182663474 0.27943884804573715 0.47974474013816276 0.3689577091684081 0.0 0.8506890554861577 0.2807789588516583 0.5967278700524743 0.618776283816715 
0.7860147031057662 0.7230809296246531 0.362565301945311 0.6665179410241543 0.9190054268697662 0.7271652456993267 0.36686437032533825 1.1200882455427688 0.47113861802727014 0.889358411931527 0.8506890554861577 0.0 0.8054056126924702 0.7372957606678728 0.8192909876358773 
0.6298847627747154 0.11702752935351884 0.44728769501544346 0.3814534599592739 0.8331551553920589 0.44498719108730445 0.43856458668997683 0.39975186977482624 0.5866336451865863 0.6345245480031226 0.2807789588516583 0.8054056126924702 0.0 0.3294441016846552 0.8455662404393917 
0.8828426435492092 0.22757926697083777 0.4646700893141708 0.6209192189531428 1.089609450109439 0.7033868684555267 0.42745612072029704 0.7180930207337606 0.7282944174632923 0.9156324436396299 0.5967278700524743 0.7372957606678728 0.3294441016846552 0.0 1.0717725260306632 
0.2272779385195142 0.8768176731850805 0.6861808908783082 0.46594124935417636 0.12882702458883225 0.40312422788341856 0.7312559747093397 0.8325135797113793 0.3918727842234201 0.2916754799158187 0.618776283816715 0.8192909876358773 0.8455662404393917 1.0717725260306632 0.0 
