0.0 0.6904455868975021 0.7802983254511526 0.5677068717985919 0.8850069821312283 0.664861645400495 0.32729929434613136 0.8322718745335366 1.1827163326159125 0.7272937670160337 
0.6904455868975021 0.0 0.4120065342358485 0.38282147252408105 0.24178545444369032 0.3602908174707534 0.43719664845292255 0.5086806218538572 0.5194502652303339 0.720296719571265 
0.7802983254511526 0.4120065342358485 0.0 0.21370254904383637 0.6091413920904966 0.7567364817789116 0.45338513689620524 0.9188492664814711 0.8018700205743552 1.0923409734140175 
0.5677068717985919 0.38282147252408105 0.21370254904383637 0.0 0.6206313648809808 0.6621669591568043 0.24227803168037385 0.8434362804891095 0.870816257283919 0.9583784806696078 
0.8850069821312283 0.24178545444369032 0.6091413920904966 0.6206313648809808 0.0 0.3478620648159911 0.6692784401775685 0.4049856493274907 0.29770938156716886 0.7019899292343261 
0.664861645400495 0.3602908174707534 0.7567364817789116 0.6621669591568043 0.3478620648159911 0.0 0.5782750356754948 0.18944790993237398 0.6043120616107249 0.36815125199011134 
0.32729929434613136 0.43719664845292255 0.45338513689620524 0.24227803168037385 0.6692784401775685 0.5782750356754948 0.0 0.7676334229898579 0.9563567710376089 0.801060560658241 
0.8322718745335366 0.5086806218538572 0.9188492664814711 0.8434362804891095 0.4049856493274907 0.18944790993237398 0.7676334229898579 0.0 0.5817216647753908 0.33267183276368756 
1.1827163326159125 0.5194502652303339 0.8018700205743552 0.870816257283919 0.29770938156716886 0.6043120616107249 0.9563567710376089 0.5817216647753908 0.0 0.9126368035215603 
0.7272937670160337 0.720296719571265 1.0923409734140175 0.9583784806696078 0.7019899292343261 0.36815125199011134 0.801060560658241 0.33267183276368756 0.9126368035215603 0.0 
