0.0 0.7719461445521186 0.21003662523146008 0.6140743751209042 0.6410880569254537 0.9731043426131425 0.8530397862760136 0.39728896765903243 0.23901913908047265 0.30236874203788533 
0.7719461445521186 0.0 0.8888590222771052 1.0603309844313495 0.9429950880647481 0.7188580835736441 0.4964130130491133 0.4502105715817029 0.7336036199005745 0.5163309810454554 
0.21003662523146008 0.8888590222771052 0.0 0.4200072094328512 0.48257524494743814 0.9249538732750695 0.8512525590461635 0.45426554242067807 0.1764052522282098 0.4871362716477201 
0.6140743751209042 1.0603309844313495 0.4200072094328512 0.0 0.17683675851282873 0.7697506920087444 0.8040149795715962 0.6271699464412455 0.41642042151795977 0.8250871917042937 
0.6410880569254537 0.9429950880647481 0.48257524494743814 0.17683675851282873 0.0 0.5930636445555718 0.63833321155913 0.5406466709171899 0.40939982780044176 0.7922586410217128 
0.9731043426131425 0.7188580835736441 0.9249538732750695 0.7697506920087444 0.5930636445555718 0.0 0.22244513018125378 0.6183041754204596 0.7630633959885214 0.9286428952067383 
0.8530397862760136 0.4964130130491133 0.8512525590461635 0.8040149795715962 0.63833321155913 0.22244513018125378 0.0 0.464964836384137 0.6767715984657339 0.7532957560923904 
0.39728896765903243 0.4502105715817029 0.45426554242067807 0.6271699464412455 0.5406466709171899 0.6183041754204596 0.464964836384137 0.0 0.2873942807737225 0.3169421836624393 
0.23901913908047265 0.7336036199005745 0.1764052522282098 0.41642042151795977 0.40939982780044176 0.7630633959885214 0.6767715984657339 0.2873942807737225 0.0 0.4093012434772646 
0.30236874203788533 0.5163309810454554 0.4871362716477201 0.8250871917042937 0.7922586410217128 0.9286428952067383 0.7532957560923904 0.3169421836624393 0.4093012434772646 0.0 
