0.0 0.2863054274790849 0.6199496821539577 0.1917984774055231 0.7603010510877857 0.2172593151934497 0.7267158469194535 0.32497437529847645 0.19681407631603492 0.5029362409172381 
0.2863054274790849 0.0 0.7529274659371302 0.47618223887357575 0.8022101388505203 0.4484953648301498 0.8124894145974252 0.5663512682530474 0.12133169603359514 0.7880735643389793 
0.6199496821539577 0.7529274659371302 0.0 0.629575351969284 0.2628730251305326 0.42031542605361727 0.15457565145196012 0.8234824827942179 0.6391726447224507 0.7274951790499656 
0.1917984774055231 0.47618223887357575 0.629575351969284 0.0 0.8238572680388455 0.22123816100254862 0.7630813261091273 0.19704199032936429 0.3873088012737137 0.3118922314660773 
0.7603010510877857 0.8022101388505203 0.2628730251305326 0.8238572680388455 0.0 0.6026873839603508 0.12235805276861306 1.0207594184300526 0.7102556136298609 0.9726702685625759 
0.2172593151934497 0.4484953648301498 0.42031542605361727 0.22123816100254862 0.6026873839603508 0.0 0.545579325662207 0.4180720980629453 0.32977936666118884 0.44119187520205605 
0.7267158469194535 0.8124894145974252 0.15457565145196012 0.7630813261091273 0.12235805276861306 0.545579325662207 0.0 0.9594594137721845 0.7089890331354703 0.8807124180599931 
0.32497437529847645 0.5663512682530474 0.8234824827942179 0.19704199032936429 1.0207594184300526 0.4180720980629453 0.9594594137721845 0.0 0.5106986741296502 0.316742080214378 
0.19681407631603492 0.12133169603359514 0.6391726447224507 0.3873088012737137 0.7102556136298609 0.32977936666118884 0.7089890331354703 0.5106986741296502 0.0 0.6958941223558051 
0.5029362409172381 0.7880735643389793 0.7274951790499656 0.3118922314660773 0.9726702685625759 0.44119187520205605 0.8807124180599931 0.316742080214378 0.6958941223558051 0.0 
