0.0 0.2168932633080677 0.21670733083277777 0.3250829921448558 0.6721801215515048 0.6486877741223067 0.06895866061415971 0.3513789913669023 0.1649859734222402 0.2553164546453067 
0.2168932633080677 0.0 0.4074414558384029 0.31561807892348304 0.49015447724148414 0.46897487855032816 0.27835810728446975 0.2168483514255016 0.0842897802348281 0.04149052740738414 
0.21670733083277777 0.4074414558384029 0.0 0.33071498275401356 0.8849949026440826 0.7562775471362675 0.14903668626345853 0.5677400444978348 0.3761214742238861 0.4381665270900078 
0.3250829921448558 0.31561807892348304 0.33071498275401356 0.0 0.7736407145474007 0.44909264356016904 0.3219381548109494 0.5324539767623492 0.35963297499010444 0.31347018267712856 
0.6721801215515048 0.49015447724148414 0.8849949026440826 0.7736407145474007 0.0 0.6178865238266024 0.7410334463368234 0.3285688800523835 0.5089579778708303 0.4730707701607021 
0.6486877741223067 0.46897487855032816 0.7562775471362675 0.44909264356016904 0.6178865238266024 0.0 0.6866813548253439 0.5876546573539937 0.5532335145860864 0.4294056721080639 
0.06895866061415971 0.27835810728446975 0.14903668626345853 0.3219381548109494 0.7410334463368234 0.6866813548253439 0.0 0.42011339708231715 0.23311099091747212 0.3144999338023932 
0.3513789913669023 0.2168483514255016 0.5677400444978348 0.5324539767623492 0.3285688800523835 0.5876546573539937 0.42011339708231715 0.0 0.19761405255713224 0.22495962141022827 
0.1649859734222402 0.0842897802348281 0.3761214742238861 0.35963297499010444 0.5089579778708303 0.5532335145860864 0.23311099091747212 0.19761405255713224 0.0 0.124348043738163 
0.2553164546453067 0.04149052740738414 0.4381665270900078 0.31347018267712856 0.4730707701607021 0.4294056721080639 0.3144999338023932 0.22495962141022827 0.124348043738163 0.0 
