0.0 0.1040563971025545 0.532496153773142 0.5230891716564726 0.07581455425836524 0.5383753102494587 0.5911016477506942 0.17529022840062997 0.6081247579727806 0.31114394126922174 
0.1040563971025545 0.0 0.4527600012859896 0.5679498667130769 0.17658721701781988 0.4437008635916742 0.6709977489697484 0.2790684695585728 0.5662162337629243 0.23002799816764294 
0.532496153773142 0.4527600012859896 0.0 0.637239635410802 0.6063291224708831 0.13180477583080555 0.8665173701876773 0.6887598987970444 0.2618008313148748 0.5090854211598401 
0.5230891716564726 0.5679498667130769 0.637239635410802 0.0 0.5307924420595522 0.7400201812400092 0.26410647852184005 0.5062076864429952 0.4738412116837498 0.7935640907326535 
0.07581455425836524 0.17658721701781988 0.6063291224708831 0.5307924420595522 0.0 0.6141897611486914 0.5634951469393343 0.10509946741572573 0.6683905783182543 0.3604726678685255 
0.5383753102494587 0.4437008635916742 0.13180477583080555 0.7400201812400092 0.6141897611486914 0.0 0.9525917278318992 0.7079867487665533 0.3935952375055197 0.43787121914094673 
0.5911016477506942 0.6709977489697484 0.8665173701876773 0.26410647852184005 0.5634951469393343 0.9525917278318992 0.0 0.49210577683279755 0.733068998511678 0.8987214781100132 
0.17529022840062997 0.2790684695585728 0.6887598987970444 0.5062076864429952 0.10509946741572573 0.7079867487665533 0.49210577683279755 0.0 0.7201097722645031 0.4625564029723747 
0.6081247579727806 0.5662162337629243 0.2618008313148748 0.4738412116837498 0.6683905783182543 0.3935952375055197 0.733068998511678 0.7201097722645031 0.0 0.7021147758971501 
0.31114394126922174 0.23002799816764294 0.5090854211598401 0.7935640907326535 0.3604726678685255 0.43787121914094673 0.8987214781100132 0.4625564029723747 0.7021147758971501 0.0 
