0.0 0.6539996685413745 0.6369292114951208 1.068770078245357 0.8810975434743206 0.9567492714997661 0.9648840716795709 0.7479333495173701 0.12964502773897935 0.24148205106453272 
0.6539996685413745 0.0 0.39577805224506013 0.731865997273163 0.5318536124564459 0.4206578169238957 0.4645530582686786 0.6538951570815706 0.5250107560266796 0.5051318677100659 
0.6369292114951208 0.39577805224506013 0.0 0.4421656218734974 0.24472368689363216 0.37492938534436426 0.3583872427557646 0.25811746915160977 0.5454777824228129 0.6354336876186706 
1.068770078245357 0.731865997273163 0.4421656218734974 0.0 0.2083155990089 0.3852039776875162 0.32062122480795846 0.3780152219854756 0.9857214955990202 1.0762868115305686 
0.8810975434743206 0.5318536124564459 0.24472368689363216 0.2083155990089 0.0 0.2613511432388854 0.20780663563727034 0.2889747432800687 0.789703481105908 0.8720919503900852 
0.9567492714997661 0.4206578169238957 0.37492938534436426 0.3852039776875162 0.2613511432388854 0.0 0.06459021598250066 0.534798114226439 0.8426458786292358 0.8794230165508979 
0.9648840716795709 0.4645530582686786 0.3583872427557646 0.32062122480795846 0.20780663563727034 0.06459021598250066 0.0 0.4905416518151354 0.8554057053916317 0.9031908113001994 
0.7479333495173701 0.6538951570815706 0.25811746915160977 0.3780152219854756 0.2889747432800687 0.534798114226439 0.4905416518151354 0.0 0.6928657286339762 0.8178749681680576 
0.12964502773897935 0.5250107560266796 0.5454777824228129 0.9857214955990202 0.789703481105908 0.8426458786292358 0.8554057053916317 0.6928657286339762 0.0 0.1602936423941365 
0.24148205106453272 0.5051318677100659 0.6354336876186706 1.0762868115305686 0.8720919503900852 0.8794230165508979 0.9031908113001994 0.8178749681680576 0.1602936423941365 0.0 
