0.0 0.3391843686629264 0.6267361812230163 0.3209962672680726 0.2534011321886003 0.5507792810494907 0.6964450048570635 0.6894847129488558 0.30011132976716276 0.2957056425679027 
0.3391843686629264 0.0 0.4133297200900354 0.3644597472474326 0.2374103724066082 0.32417412292084197 0.4587365582319382 0.5085502123974425 0.18871494064013714 0.46378008464235576 
0.6267361812230163 0.4133297200900354 0.0 0.7724611679972935 0.3763133242504866 0.6830612685254773 0.078481986350264 0.8680794977674421 0.6013728484024797 0.8510199276626688 
0.3209962672680726 0.3644597472474326 0.7724611679972935 0.0 0.47579771417527483 0.33622343574706315 0.8224178040267828 0.41038770005990866 0.1791601870340566 0.14425485461107865 
0.2534011321886003 0.2374103724066082 0.3763133242504866 0.47579771417527483 0.0 0.5536745475342195 0.44896540801993273 0.7311462634726633 0.3502220371957092 0.5128009306686835 
0.5507792810494907 0.32417412292084197 0.6830612685254773 0.33622343574706315 0.5536745475342195 0.0 0.7029813079226866 0.1878668878506193 0.25070724975304026 0.4804707543996134 
0.6964450048570635 0.4587365582319382 0.078481986350264 0.8224178040267828 0.44896540801993273 0.7029813079226866 0.0 0.8839166400413169 0.6473143908201161 0.909005710484689 
0.6894847129488558 0.5085502123974425 0.8680794977674421 0.41038770005990866 0.7311462634726633 0.1878668878506193 0.8839166400413169 0.0 0.3993240410045984 0.5423871481851454 
0.30011132976716276 0.18871494064013714 0.6013728484024797 0.1791601870340566 0.3502220371957092 0.25070724975304026 0.6473143908201161 0.3993240410045984 0.0 0.29777973293090776 
0.2957056425679027 0.46378008464235576 0.8510199276626688 0.14425485461107865 0.5128009306686835 0.4804707543996134 0.909005710484689 0.5423871481851454 0.29777973293090776 0.0 
