0.0 0.7017810523516697 0.7557262400821521 0.0870896172317988 0.5271651516514285 0.8235723397481896 0.5929432242471008 0.9595393345611178 0.3173493980496911 0.7181768648937176 
0.7017810523516697 0.0 0.6681440418413251 0.6241253249866011 0.1946719313205195 0.640465541199322 0.24836504330276604 0.5647214238373373 0.3860974301998882 0.1808018308852132 
0.7557262400821521 0.6681440418413251 0.0 0.680996423809953 0.6938968277647195 0.10229876337171553 0.8251625954184285 0.34438774592708127 0.6032756711048313 0.503486681467209 
0.0870896172317988 0.6241253249866011 0.680996423809953 0.0 0.4569535188328989 0.7445807637706398 0.5351424689599538 0.874020931773174 0.23803191117981945 0.6328041845130866 
0.5271651516514285 0.1946719313205195 0.6938968277647195 0.4569535188328989 0.0 0.6948758530122555 0.13256352502157365 0.6841475820395968 0.22783505918482883 0.3083189977849683 
0.8235723397481896 0.640465541199322 0.10229876337171553 0.7445807637706398 0.6948758530122555 0.0 0.8224439925204672 0.2454389138636126 0.6373200276491521 0.4654403784561581 
0.5929432242471008 0.24836504330276604 0.8251625954184285 0.5351424689599538 0.13256352502157365 0.8224439925204672 0.0 0.793203141641005 0.33051577683572914 0.4067842920386548 
0.9595393345611178 0.5647214238373373 0.34438774592708127 0.874020931773174 0.6841475820395968 0.2454389138636126 0.793203141641005 0.0 0.7078641783570458 0.3879800279597477 
0.3173493980496911 0.3860974301998882 0.6032756711048313 0.23803191117981945 0.22783505918482883 0.6373200276491521 0.33051577683572914 0.7078641783570458 0.0 0.4097501696204719 
0.7181768648937176 0.1808018308852132 0.503486681467209 0.6328041845130866 0.3083189977849683 0.4654403784561581 0.4067842920386548 0.3879800279597477 0.4097501696204719 0.0 
