0.0 0.5779481635191444 1.1291987835821593 1.0802177654857652 0.9557835582714648 0.8345876074608856 0.4072369470866024 0.605642487441247 0.421354716812051 0.7840626333906635 0.8862397994214022 0.8880548015872708 0.6830638975516132 0.8656382189914391 0.6860846768941227 0.6032433570099975 0.7978184944198995 0.8270498005982263 0.5584436690351222 0.36199107009391135 0.45278082858961455 0.8267942278538285 1.0069813619544907 1.1317909336732928 0.2210476226323547 
0.5779481635191444 0.0 0.9202826454228857 0.9890044228866838 1.1088366612129181 0.4805061765812581 0.4847209530355099 0.12051656545576263 0.3084751950166896 0.3940776710600642 1.11893298568088 1.0505901566699423 0.7974727293202776 0.5543918933865661 0.35019570615798895 0.2864437598594147 0.5062849766710986 0.6668044200182484 0.9034315394025886 0.24856206059454602 0.8592300425773982 0.34776390105781085 0.7821052373308878 0.9668986574582755 0.35923874349866186 
1.1291987835821593 0.9202826454228857 0.0 0.2168918563424984 0.6449794677480546 0.451020530029403 0.7221745638456931 0.7998930598928273 0.7595188861534408 0.5385096444992307 0.775009535876136 0.6436663218161891 0.5736413838807983 0.3703956478695151 0.5709073431335046 0.6463228950403448 0.4140500684010467 0.3027466236216522 0.8909050860988673 0.8769700010741793 0.9694447417881298 0.6412733577916054 0.1386167452149529 0.08696832744908509 1.039551096115586 
1.0802177654857652 0.9890044228866838 0.2168918563424984 0.0 0.43739703337673835 0.5672374396869898 0.6818810110559756 0.8730480102632867 0.7679706415837619 0.6460865662425973 0.5760833352906515 0.4457137464035801 0.4403652950176769 0.4866237827901726 0.645881533602463 0.7027518726960293 0.5042554419226394 0.322219196638059 0.745096376830744 0.8904932064181883 0.8404405935012477 0.7665427662301723 0.27311093135790326 0.13683243713787038 1.032797682556259 
0.9557835582714648 1.1088366612129181 0.6449794677480546 0.43739703337673835 0.0 0.8344124819982734 0.6548416750794429 1.016585607245775 0.8137038530144906 0.8847473079461797 0.15126930735923602 0.06775690802330207 0.31433363588109314 0.7729417929663043 0.8348039129216509 0.8486229069614297 0.7524028450204016 0.5632339864708376 0.4476999566274326 0.9215270753048553 0.5689172875171659 1.0130164125607923 0.6458231935246389 0.5728718688395243 1.0019104104366952 
0.8345876074608856 0.4805061765812581 0.451020530029403 0.5672374396869898 0.8344124819982734 0.0 0.48060875401348685 0.36092296012256225 0.41422360379944834 0.08813853984098105 0.9056352957820646 0.7959549437807395 0.5850830376996764 0.08224095562356108 0.15490804471983832 0.24315085892671603 0.08307755514068922 0.2762607937108535 0.842227285711724 0.5047077174386043 0.8655310165124166 0.1993054753521064 0.317809995867292 0.5106165939762205 0.6820120354784515 
0.4072369470866024 0.4847209530355099 0.7221745638456931 0.6818810110559756 0.6548416750794429 0.48060875401348685 0.0 0.42433005898447995 0.17640938826061175 0.4592256091350053 0.6420167560844203 0.5909272890459253 0.3425879874574455 0.4894278630580764 0.3611684454379849 0.3083528678438893 0.42348858593288446 0.4206431686492551 0.42729724329449 0.2682984619501981 0.4098519643831883 0.5488914562094095 0.6023362170212174 0.725382779501933 0.36201838186152013 
0.605642487441247 0.12051656545576263 0.7998930598928273 0.8730480102632867 1.016585607245775 0.36092296012256225 0.42433005898447995 0.0 0.2536425484091652 0.2754411167808946 1.0384708318135023 0.9611620352493974 0.7103586038480162 0.4339856256225084 0.23053598737842382 0.1743784337434745 0.3859858491787749 0.55100646629839 0.8514142652721944 0.24592714741832625 0.8224670170640588 0.24671075799622952 0.6618103537722051 0.8473823417296521 0.4011638809275681 
0.421354716812051 0.3084751950166896 0.7595188861534408 0.7679706415837619 0.8137038530144906 0.41422360379944834 0.17640938826061175 0.2536425484091652 0.0 0.3634733209384149 0.8133137318672186 0.7525206845865953 0.4994943566016473 0.45201127577624345 0.2647843273296545 0.18416376972399906 0.38505454424493446 0.46355723212359756 0.6000916747162421 0.12256194737882642 0.5689778996371266 0.4209385174894652 0.6258564584000685 0.7822929121379986 0.2814709627820206 
0.7840626333906635 0.3940776710600642 0.5385096444992307 0.6460865662425973 0.8847473079461797 0.08813853984098105 0.4592256091350053 0.2754411167808946 0.3634733209384149 0.0 0.94434511001919 0.8415254554612229 0.6161250691680443 0.1683066200953787 0.10058809203070523 0.1811633751250426 0.14333407597788803 0.34101434001771963 0.8489776037402291 0.44007695038661193 0.8597575535432056 0.12877200778724174 0.40406232340627285 0.5961282378325122 0.6174673331749063 
0.8862397994214022 1.11893298568088 0.775009535876136 0.5760833352906515 0.15126930735923602 0.9056352957820646 0.6420167560844203 1.0384708318135023 0.8133137318672186 0.94434511001919 0.0 0.13137659464750007 0.33244758902051624 0.8533928330229942 0.8811145858083291 0.8799882663363323 0.8225578202986175 0.6481723496301564 0.34169411288082363 0.909316629715673 0.46370220026855985 1.0696760286945324 0.7582024456784798 0.7085384079777695 0.963877066130161 
0.8880548015872708 1.0505901566699423 0.6436663218161891 0.4457137464035801 0.06775690802330207 0.7959549437807395 0.5909272890459253 0.9611620352493974 0.7525206845865953 0.8415254554612229 0.13137659464750007 0.0 0.2534310304455376 0.7386230137942388 0.786463130653347 0.7954756878941384 0.7132034800926345 0.5303321887678162 0.38571235343249843 0.8584095418820638 0.5057549500425503 0.9689559363909912 0.6299943832116232 0.5774070059867523 0.9355098786255396 
0.6830638975516132 0.7974727293202776 0.5736413838807983 0.4403652950176769 0.31433363588109314 0.5850830376996764 0.3425879874574455 0.7103586038480162 0.4994943566016473 0.6161250691680443 0.33244758902051624 0.2534310304455376 0.0 0.5427043636527122 0.5491578813096177 0.5484185305046732 0.5027301976709475 0.3536946640415647 0.31734555469151576 0.607682365803953 0.40159915028461723 0.7395989454161608 0.5070855225743961 0.536775286530613 0.6975952360845276 
0.8656382189914391 0.5543918933865661 0.3703956478695151 0.4866237827901726 0.7729417929663043 0.08224095562356108 0.4894278630580764 0.4339856256225084 0.45201127577624345 0.1683066200953787 0.8533928330229942 0.7386230137942388 0.5427043636527122 0.0 0.21261622208096836 0.29778712785898664 0.06783447982972793 0.20979033015166743 0.8187165419852671 0.5535683539671575 0.8533345724259737 0.2805732587598949 0.23590962788107295 0.4284867455741392 0.7286648227217464 
0.6860846768941227 0.35019570615798895 0.5709073431335046 0.645881533602463 0.8348039129216509 0.15490804471983832 0.3611684454379849 0.23053598737842382 0.2647843273296545 0.10058809203070523 0.8811145858083291 0.786463130653347 0.5491578813096177 0.21261622208096836 0.0 0.08824550345826496 0.15719723163896396 0.3256456259856369 0.7611933117138968 0.3499049373384424 0.7655630066545746 0.19633891798618258 0.43243958188776205 0.6168604160210215 0.5273392373607585 
0.6032433570099975 0.2864437598594147 0.6463228950403448 0.7027518726960293 0.8486229069614297 0.24315085892671603 0.3083528678438893 0.1743784337434745 0.18416376972399906 0.1811633751250426 0.8799882663363323 0.7954756878941384 0.5484185305046732 0.29778712785898664 0.08824550345826496 0.0 0.2375951142241224 0.3806703644513367 0.7266581275599457 0.26183178792175754 0.7181437889473 0.24294602459181366 0.5078148488403554 0.6862289217453534 0.4393718328628672 
0.7978184944198995 0.5062849766710986 0.4140500684010467 0.5042554419226394 0.7524028450204016 0.08307755514068922 0.42348858593288446 0.3859858491787749 0.38505454424493446 0.14333407597788803 0.8225578202986175 0.7132034800926345 0.5027301976709475 0.06783447982972793 0.15719723163896396 0.2375951142241224 0.0 0.1987567958855737 0.7659762873061609 0.4888597190318138 0.7949252867300931 0.26968917590265573 0.27582830711671213 0.4630778723454348 0.6629514834074385 
0.8270498005982263 0.6668044200182484 0.3027466236216522 0.322219196638059 0.5632339864708376 0.2762607937108535 0.4206431686492551 0.55100646629839 0.46355723212359756 0.34101434001771963 0.6481723496301564 0.5303321887678162 0.3536946640415647 0.20979033015166743 0.3256456259856369 0.3806703644513367 0.1987567958855737 0.0 0.6550780712524444 0.5840945127146168 0.7112647742849698 0.4683780541932062 0.18390525600285845 0.318736920294514 0.7405666339692026 
0.5584436690351222 0.9034315394025886 0.8909050860988673 0.745096376830744 0.4476999566274326 0.842227285711724 0.42729724329449 0.8514142652721944 0.6000916747162421 0.8489776037402291 0.34169411288082363 0.38571235343249843 0.31734555469151576 0.8187165419852671 0.7611933117138968 0.7266581275599457 0.7659762873061609 0.6550780712524444 0.0 0.6646280792678746 0.12255376881524012 0.9570170323506376 0.8206230995927262 0.8512283474912415 0.6727925293527777 
0.36199107009391135 0.24856206059454602 0.8769700010741793 0.8904932064181883 0.9215270753048553 0.5047077174386043 0.2682984619501981 0.24592714741832625 0.12256194737882642 0.44007695038661193 0.909316629715673 0.8584095418820638 0.607682365803953 0.5535683539671575 0.3499049373384424 0.26183178792175754 0.4888597190318138 0.5840945127146168 0.6646280792678746 0.0 0.6127860623021335 0.46703510586985547 0.7416244622947723 0.9026744955433561 0.1776104117912859 
0.45278082858961455 0.8592300425773982 0.9694447417881298 0.8404405935012477 0.5689172875171659 0.8655310165124166 0.4098519643831883 0.8224670170640588 0.5689778996371266 0.8597575535432056 0.46370220026855985 0.5057549500425503 0.40159915028461723 0.8533345724259737 0.7655630066545746 0.7181437889473 0.7949252867300931 0.7112647742849698 0.12255376881524012 0.6127860623021335 0.0 0.957342396570687 0.8863351087918767 0.9376472200819654 0.5922276654265126 
0.8267942278538285 0.34776390105781085 0.6412733577916054 0.7665427662301723 1.0130164125607923 0.1993054753521064 0.5488914562094095 0.24671075799622952 0.4209385174894652 0.12877200778724174 1.0696760286945324 0.9689559363909912 0.7395989454161608 0.2805732587598949 0.19633891798618258 0.24294602459181366 0.26968917590265573 0.4683780541932062 0.9570170323506376 0.46703510586985547 0.957342396570687 0.0 0.5129393186422001 0.7061185954603848 0.6373396825977602 
1.0069813619544907 0.7821052373308878 0.1386167452149529 0.27311093135790326 0.6458231935246389 0.317809995867292 0.6023362170212174 0.6618103537722051 0.6258564584000685 0.40406232340627285 0.7582024456784798 0.6299943832116232 0.5070855225743961 0.23590962788107295 0.43243958188776205 0.5078148488403554 0.27582830711671213 0.18390525600285845 0.8206230995927262 0.7416244622947723 0.8863351087918767 0.5129393186422001 0.0 0.19320495389807618 0.906915787342855 
1.1317909336732928 0.9668986574582755 0.08696832744908509 0.13683243713787038 0.5728718688395243 0.5106165939762205 0.725382779501933 0.8473823417296521 0.7822929121379986 0.5961282378325122 0.7085384079777695 0.5774070059867523 0.536775286530613 0.4284867455741392 0.6168604160210215 0.6862289217453534 0.4630778723454348 0.318736920294514 0.8512283474912415 0.9026744955433561 0.9376472200819654 0.7061185954603848 0.19320495389807618 0.0 1.0584243213364586 
0.2210476226323547 0.35923874349866186 1.039551096115586 1.032797682556259 1.0019104104366952 0.6820120354784515 0.36201838186152013 0.4011638809275681 0.2814709627820206 0.6174673331749063 0.963877066130161 0.9355098786255396 0.6975952360845276 0.7286648227217464 0.5273392373607585 0.4393718328628672 0.6629514834074385 0.7405666339692026 0.6727925293527777 0.1776104117912859 0.5922276654265126 0.6373396825977602 0.906915787342855 1.0584243213364586 0.0 
