0.0 0.3836914110845782 0.48770426740359035 0.5266031931788568 0.1058709075867132 0.5222004347545934 0.6472869163728494 0.43143593607288416 0.4983581313757662 0.44688579780617743 0.3906547227129063 0.26760321866238096 0.20193818379425946 0.18270140409448593 0.7196426724292391 0.48779989055231965 0.6018796895760172 0.5709053269658922 0.16052834229037188 0.25397670224160396 0.12134269957871659 0.6223098901982681 0.6027922144736665 0.5264296491056546 0.325970893320285 
0.3836914110845782 0.0 0.10455465604794432 0.1522214730614243 0.40605995253225297 0.7276203951580908 0.6341116697250477 0.31516601874575134 0.8681361791688693 0.4954426584797527 0.26283159167785 0.6227253073885048 0.577304235022563 0.5098752247834871 0.3648873455798477 0.2862989119276464 0.9518375804814906 0.28558731906352003 0.2496928779630023 0.3113034189636345 0.4827234866095206 0.3991678933425558 0.955110491094255 0.682678461427108 0.6839370864114315 
0.48770426740359035 0.10455465604794432 0.0 0.08141811931820474 0.504717224644587 0.7985456947613564 0.6804074915061692 0.3659633560338763 0.9723289504458267 0.5462622639168088 0.32129395923345827 0.7214666725105032 0.6793824753480117 0.6070305303591025 0.2741264586893041 0.3120627945697963 1.054213561141741 0.26893817644340823 0.3483395366145368 0.38929063132329195 0.583969719966243 0.39704654655665683 1.0577182504868623 0.7619219707235295 0.7825507047427159 
0.5266031931788568 0.1522214730614243 0.08141811931820474 0.0 0.5570105692716174 0.8722852761707681 0.6306284835380525 0.32714164983004446 0.9961567596638202 0.6253393856002961 0.29120925180318064 0.7732279909598386 0.7243915988480824 0.6613266393256727 0.30619053843555943 0.2586153977814459 1.0687524544875995 0.19510302967295795 0.40114078825176847 0.4587719186645258 0.6312969753566133 0.32555254938933653 1.0730912230470218 0.7396524916754077 0.834443372871282 
0.1058709075867132 0.40605995253225297 0.504717224644587 0.5570105692716174 0.0 0.4188968982706907 0.7501603012281298 0.5166156729580592 0.5372636974240058 0.35076851173829515 0.4706570077987617 0.21681785149039776 0.18431456556070924 0.10516575191662768 0.707088931962836 0.5623060441144777 0.6556832083387036 0.6322670614054953 0.15654819351661975 0.1868489630214509 0.08847863362167678 0.6985561878142438 0.6548800749959043 0.6308274163199284 0.2779824173105248 
0.5222004347545934 0.7276203951580908 0.7985456947613564 0.8722852761707681 0.4188968982706907 0.0 1.16896928543741 0.9232929450480708 0.7507756509301922 0.2850991677658427 0.8727398780883432 0.35867789609058043 0.434566200613762 0.35390406012039355 0.8912472786849075 0.9543681884686183 0.8930565128610056 1.0007304233629284 0.5183740885260113 0.4168000611098131 0.42688094979146374 1.0891977242614785 0.8871477759686065 1.0297359352313857 0.3609851215675186 
0.6472869163728494 0.6341116697250477 0.6804074915061692 0.6306284835380525 0.7501603012281298 1.16896928543741 0.0 0.31905516234667747 0.8081438026425655 1.0410254523394376 0.37184311506887596 0.8778449236890435 0.7915679166685546 0.8249951962959646 0.9362084594022902 0.37201853076280617 0.7906292598611652 0.4624631289938697 0.6850712234151495 0.8186944410937285 0.7543873868845917 0.3558973763807784 0.8005397620981484 0.2820488436614147 0.9220266472389245 
0.43143593607288416 0.31516601874575134 0.3659633560338763 0.32714164983004446 0.5166156729580592 0.9232929450480708 0.31905516234667747 0.0 0.7824983088143184 0.7521599547156013 0.05595465267068504 0.696330353383995 0.6207033190272242 0.6119847735673685 0.6317785366481965 0.09214536727504263 0.8216871646529497 0.21113692905798562 0.40870863415341696 0.5335226530946244 0.5524493484155498 0.20050804962112068 0.8284035422793018 0.4205010234090837 0.7518983642263782 
0.4983581313757662 0.8681361791688693 0.9723289504458267 0.9961567596638202 0.5372636974240058 0.7507756509301922 0.8081438026425655 0.7824983088143184 0.0 0.8490346030550533 0.7709206672034232 0.4095483689614041 0.3701955249402515 0.4877683812189762 1.2168882559477792 0.8688657753451108 0.14274034459701349 0.9802733697304022 0.6583220392545955 0.7241001481665615 0.4517484159279117 0.9783198933340299 0.1363880853216621 0.5399235131889323 0.3909658136297901 
0.44688579780617743 0.4954426584797527 0.5462622639168088 0.6253393856002961 0.35076851173829515 0.2850991677658427 1.0410254523394376 0.7521599547156013 0.8490346030550533 0.0 0.6969329423862954 0.4468557699090104 0.4801720199201507 0.36312650996856416 0.6077083358726313 0.7598740565986141 0.9808769586426689 0.7805463513261327 0.35650118276242637 0.22233101479701511 0.4147292347672209 0.8868187525319936 0.9781323981701712 0.9686316373109473 0.486054169925213 
0.3906547227129063 0.26283159167785 0.32129395923345827 0.29120925180318064 0.4706570077987617 0.8727398780883432 0.37184311506887596 0.05595465267068504 0.7709206672034232 0.6969329423862954 0.0 0.6576454924369767 0.5850557228267257 0.5686048836095888 0.5915886963401936 0.10129056513092966 0.8195558344644126 0.20970238377759917 0.3561922194259718 0.47905971685837806 0.511992835861346 0.2319886915536359 0.8256023337431437 0.4486177992582549 0.7146171528682597 
0.26760321866238096 0.6227253073885048 0.7214666725105032 0.7732279909598386 0.21681785149039776 0.35867789609058043 0.8778449236890435 0.696330353383995 0.4095483689614041 0.4468557699090104 0.6576454924369767 0.0 0.08746622064302954 0.11674720322266224 0.9143131535935839 0.7553608454622986 0.5479365110862426 0.8367345623921909 0.37336257515459603 0.37358542689859403 0.14731726631668976 0.889546382991014 0.5435478499290289 0.6957719613680073 0.06122127558732401 
0.20193818379425946 0.577304235022563 0.6793824753480117 0.7243915988480824 0.18431456556070924 0.434566200613762 0.7915679166685546 0.6207033190272242 0.3701955249402515 0.4801720199201507 0.5850557228267257 0.08746622064302954 0.0 0.117607659758222 0.8910631412828329 0.6844939143588497 0.5007596965314776 0.7719477583146338 0.3335024895041961 0.3648232158483763 0.09703753763554611 0.8168633839877889 0.49796074432021137 0.6090225687045433 0.13293025090793434 
0.18270140409448593 0.5098752247834871 0.6070305303591025 0.6613266393256727 0.10516575191662768 0.35390406012039355 0.8249951962959646 0.6119847735673685 0.4877683812189762 0.36312650996856416 0.5686048836095888 0.11674720322266224 0.117607659758222 0.0 0.7977898773453018 0.6627447571679298 0.6178309919042171 0.7361948298735266 0.26022548767617454 0.25888039910735194 0.07301911672834088 0.7986015575555088 0.6152385213907667 0.6760044377698428 0.17669196830502584 
0.7196426724292391 0.3648873455798477 0.2741264586893041 0.30619053843555943 0.707088931962836 0.8912472786849075 0.9362084594022902 0.6317785366481965 1.2168882559477792 0.6077083358726313 0.5915886963401936 0.9143131535935839 0.8910631412828329 0.7977898773453018 0.0 0.5644426485419308 1.3098905703194592 0.48503480000800286 0.5625679243413669 0.5437313311553915 0.7941877567309992 0.6133303725837616 1.3124287376316564 1.0357190187551915 0.9727919128600093 
0.48779989055231965 0.2862989119276464 0.3120627945697963 0.2586153977814459 0.5623060441144777 0.9543681884686183 0.37201853076280617 0.09214536727504263 0.8688657753451108 0.7598740565986141 0.10129056513092966 0.7553608454622986 0.6844939143588497 0.6627447571679298 0.5644426485419308 0.0 0.912102571395411 0.11904794286615188 0.43607795386869613 0.5492201295256139 0.6088644830794739 0.13634733543577582 0.9186145279720273 0.5083671174542758 0.8130704290596994 
0.6018796895760172 0.9518375804814906 1.054213561141741 1.0687524544875995 0.6556832083387036 0.8930565128610056 0.7906292598611652 0.8216871646529497 0.14274034459701349 0.9808769586426689 0.8195558344644126 0.5479365110862426 0.5007596965314776 0.6178309919042171 1.3098905703194592 0.912102571395411 0.0 1.028357431644374 0.7619690907939278 0.8414693199467155 0.57415295591322 1.0084856375653974 0.01175698420786237 0.5098963348892864 0.5326633450507675 
0.5709053269658922 0.28558731906352003 0.26893817644340823 0.19510302967295795 0.6322670614054953 1.0007304233629284 0.4624631289938697 0.21113692905798562 0.9802733697304022 0.7805463513261327 0.20970238377759917 0.8367345623921909 0.7719477583146338 0.7361948298735266 0.48503480000800286 0.11904794286615188 1.028357431644374 0.0 0.49059884039273965 0.5855024611537809 0.6894362775938372 0.1308346675145401 1.03460282883821 0.624852851475187 0.8962607484590986 
0.16052834229037188 0.2496928779630023 0.3483395366145368 0.40114078825176847 0.15654819351661975 0.5183740885260113 0.6850712234151495 0.40870863415341696 0.6583220392545955 0.35650118276242637 0.3561922194259718 0.37336257515459603 0.3335024895041961 0.26022548767617454 0.5625679243413669 0.43607795386869613 0.7619690907939278 0.49059884039273965 0.0 0.1347608744387476 0.2369345912417611 0.5713315965310496 0.7630627447807881 0.626482042058216 0.4345304117464268 
0.25397670224160396 0.3113034189636345 0.38929063132329195 0.4587719186645258 0.1868489630214509 0.4168000611098131 0.8186944410937285 0.5335226530946244 0.7241001481665615 0.22233101479701511 0.47905971685837806 0.37358542689859403 0.3648232158483763 0.25888039910735194 0.5437313311553915 0.5492201295256139 0.8414693199467155 0.5855024611537809 0.1347608744387476 0.0 0.27344065913116977 0.6808356818131875 0.8409576052871087 0.7568465760441445 0.43046950335268525 
0.12134269957871659 0.4827234866095206 0.583969719966243 0.6312969753566133 0.08847863362167678 0.42688094979146374 0.7543873868845917 0.5524493484155498 0.4517484159279117 0.4147292347672209 0.511992835861346 0.14731726631668976 0.09703753763554611 0.07301911672834088 0.7941877567309992 0.6088644830794739 0.57415295591322 0.6894362775938372 0.2369345912417611 0.27344065913116977 0.0 0.7435897750351357 0.5727085285102551 0.603220956544766 0.20709281049533826 
0.6223098901982681 0.3991678933425558 0.39704654655665683 0.32555254938933653 0.6985561878142438 1.0891977242614785 0.3558973763807784 0.20050804962112068 0.9783198933340299 0.8868187525319936 0.2319886915536359 0.889546382991014 0.8168633839877889 0.7986015575555088 0.6133303725837616 0.13634733543577582 1.0084856375653974 0.1308346675145401 0.5713315965310496 0.6808356818131875 0.7435897750351357 0.0 1.015939955979244 0.5606103237877857 0.9466058023358779 
0.6027922144736665 0.955110491094255 1.0577182504868623 1.0730912230470218 0.6548800749959043 0.8871477759686065 0.8005397620981484 0.8284035422793018 0.1363880853216621 0.9781323981701712 0.8256023337431437 0.5435478499290289 0.49796074432021137 0.6152385213907667 1.3124287376316564 0.9186145279720273 0.01175698420786237 1.03460282883821 0.7630627447807881 0.8409576052871087 0.5727085285102551 1.015939955979244 0.0 0.520079056026055 0.5271036669386097 
0.5264296491056546 0.682678461427108 0.7619219707235295 0.7396524916754077 0.6308274163199284 1.0297359352313857 0.2820488436614147 0.4205010234090837 0.5399235131889323 0.9686316373109473 0.4486177992582549 0.6957719613680073 0.6090225687045433 0.6760044377698428 1.0357190187551915 0.5083671174542758 0.5098963348892864 0.624852851475187 0.626482042058216 0.7568465760441445 0.603220956544766 0.5606103237877857 0.520079056026055 0.0 0.7274116381377065 
0.325970893320285 0.6839370864114315 0.7825507047427159 0.834443372871282 0.2779824173105248 0.3609851215675186 0.9220266472389245 0.7518983642263782 0.3909658136297901 0.486054169925213 0.7146171528682597 0.06122127558732401 0.13293025090793434 0.17669196830502584 0.9727919128600093 0.8130704290596994 0.5326633450507675 0.8962607484590986 0.4345304117464268 0.43046950335268525 0.20709281049533826 0.9466058023358779 0.5271036669386097 0.7274116381377065 0.0 
