0.0 0.7332216046318678 0.6952117849855859 0.6597694036447252 0.2784398447322682 0.8128428841538567 0.1407388286239721 0.30487569784173196 0.3802645167009407 0.6122773769742015 0.4299582667987343 0.5477087831274876 0.1914320281527101 0.7999875971036284 0.5989384553334463 0.4110699339847423 0.5593872029268541 0.4564532028897178 0.47883541250190154 0.37296768105315187 0.5507094804136967 0.3828652794300953 0.17562425659615427 0.45586905926150656 0.604298960503909 
0.7332216046318678 0.0 0.5978321928060963 0.19750469867484735 0.7208241863938492 0.08912166563930579 0.7260452712874833 0.8908756990254828 1.0695625746423911 0.44459327481649896 0.3164121876335844 0.25897845906409833 0.5597701523486612 0.0787171451379658 0.29346012927489945 0.6564709770486417 0.7562619100033101 0.820709899710919 0.8551926618505608 0.45252092396236393 0.531415448337792 0.8032030882112737 0.8840095056993919 0.44068437256060505 0.1290998601038253 
0.6952117849855859 0.5978321928060963 0.0 0.400391912513613 0.8874942376269043 0.6737401177031671 0.7946072210914524 0.6142162726255491 0.8293439861199273 0.1611618396239164 0.45977035895072205 0.6862877837962936 0.5332839999752503 0.5953672807681953 0.765592615489858 0.3102997809727912 1.0861463260612336 1.0611348114116648 1.0933850800207006 0.728125477852998 0.14844720219327934 1.0044801025256034 0.865919178487727 0.7894495247062746 0.5551070679017661 
0.6597694036447252 0.19750469867484735 0.400391912513613 0.0 0.7233025524528361 0.2767982899955243 0.6905098117333844 0.7563265463061112 0.9525991944314158 0.24811080780173006 0.23631515358167782 0.34544001604158997 0.4700701688429384 0.20696182947173894 0.41233099312275634 0.4886889753391053 0.8292405341803769 0.8586152926232881 0.893641159139864 0.47904135481841864 0.3410830916968092 0.8244029279526589 0.8277621978031426 0.5032531639487305 0.18148278506822418 
0.2784398447322682 0.7208241863938492 0.8874942376269043 0.7233025524528361 0.0 0.7807921729689806 0.13882198079180275 0.581946245334956 0.6153002859757561 0.7677733995732906 0.4943550290703265 0.47470146055740714 0.3594831877914496 0.7981100379187651 0.4889446787140484 0.6480290617181699 0.28429656333125447 0.18374726212333428 0.2115104955513727 0.269512313695299 0.7392871275382036 0.11771135793062486 0.2717727909318671 0.3109964789008913 0.6005270569265968 
0.8128428841538567 0.08912166563930579 0.6737401177031671 0.2767982899955243 0.7807921729689806 0.0 0.7970348398030118 0.9788526533316623 1.1551998286873983 0.52481541177085 0.4029498378222605 0.3075977593410309 0.6437788164382222 0.08665412209718734 0.32086650642333936 0.7452153608244468 0.7879392344259332 0.8664085444061294 0.9001890492827646 0.5113140507449754 0.6158045380002442 0.8554877090167229 0.9586796102814245 0.4863407679177777 0.2105825847996432 
0.1407388286239721 0.7260452712874833 0.7946072210914524 0.6905098117333844 0.13882198079180275 0.7970348398030118 0.0 0.443155401028984 0.4865934166666615 0.6911711108321104 0.45423436938613015 0.5050263548389299 0.2622439449571212 0.799326119378167 0.539758816086908 0.5318011624144201 0.42235329100117996 0.31586805297240256 0.3390247088529096 0.30518566878868897 0.646620033457633 0.24279543830170594 0.17078126366508894 0.3745519777822032 0.5985993448191014 
0.30487569784173196 0.8908756990254828 0.6142162726255491 0.7563265463061112 0.581946245334956 0.9788526533316623 0.443155401028984 0.0 0.2155697226273598 0.6049152914389474 0.5771484112935589 0.7730301093067943 0.3592677262223605 0.9412200191836863 0.8401456775195373 0.31014114020777445 0.8641914895571144 0.7549190247292632 0.7740315999861006 0.6408249292469976 0.5050829019492906 0.6799250721568927 0.3840860167021842 0.7285637186554228 0.7720257531551956 
0.3802645167009407 1.0695625746423911 0.8293439861199273 0.9525991944314158 0.6153002859757561 1.1551998286873983 0.4865934166666615 0.2155697226273598 0.0 0.8176112218656035 0.7532300685659079 0.9172783132593689 0.5130103095668707 1.1265278840044595 0.97460929564049 0.5254223065512615 0.8952653550692365 0.7599541504664422 0.7701041590733286 0.7528303199192872 0.7197964514995261 0.6861632238593757 0.3550444082576604 0.8361296175115187 0.9449528126200134 
0.6122773769742015 0.44459327481649896 0.1611618396239164 0.24811080780173006 0.7677733995732906 0.52481541177085 0.6911711108321104 0.6049152914389474 0.8176112218656035 0.0 0.3081157597944812 0.5264511269252468 0.4309635246356196 0.45147777315707127 0.6052164012341145 0.299537797721897 0.944691577204602 0.9334570770885678 0.9668985698043353 0.5830128442376633 0.11005159207921186 0.8823314230754717 0.7877096850001583 0.6382345965080632 0.39432886336300194 
0.4299582667987343 0.3164121876335844 0.45977035895072205 0.23631515358167782 0.4943550290703265 0.4029498378222605 0.45423436938613015 0.5771484112935589 0.7532300685659079 0.3081157597944812 0.0 0.24526439670941103 0.2464826205002781 0.37525793025337645 0.326314907056119 0.37937051443533887 0.6395488757196502 0.643301982666909 0.6778442229106805 0.2770813120287493 0.3317603476379279 0.6012229231709767 0.5938071289221671 0.3303941302296335 0.19489076522968998 
0.5477087831274876 0.25897845906409833 0.6862877837962936 0.34544001604158997 0.47470146055740714 0.3075977593410309 0.5050263548389299 0.7730301093067943 0.9172783132593689 0.5264511269252468 0.24526439670941103 0.0 0.41411333774210346 0.3376090273291838 0.08127129004915946 0.6200506563522774 0.50058383421689 0.5622785205932397 0.5966108629199043 0.20641646878025954 0.5709856913788335 0.5481712154670845 0.6730239464855907 0.1817714015415431 0.1680785277485991 
0.1914320281527101 0.5597701523486612 0.5332839999752503 0.4700701688429384 0.3594831877914496 0.6437788164382222 0.2622439449571212 0.3592677262223605 0.5130103095668707 0.4309635246356196 0.2464826205002781 0.41411333774210346 0.0 0.6214673553902018 0.48106678543145454 0.2951186892181042 0.5968911353688553 0.5399339774404669 0.5699643928395922 0.29640448449439755 0.3849797743767486 0.4771854391760497 0.3648626747807115 0.38358067528816087 0.43319907958361226 
0.7999875971036284 0.0787171451379658 0.5953672807681953 0.20696182947173894 0.7981100379187651 0.08665412209718734 0.799326119378167 0.9412200191836863 1.1265278840044595 0.45147777315707127 0.37525793025337645 0.3376090273291838 0.6214673553902018 0.0 0.3689870857928057 0.6905311898395291 0.8337835040208661 0.8994270428684816 0.9339078679372189 0.5304186311473723 0.5478850392783835 0.8816266065900541 0.9547181336261807 0.5193504235890261 0.20077694830771828 
0.5989384553334463 0.29346012927489945 0.765592615489858 0.41233099312275634 0.4889446787140484 0.32086650642333936 0.539758816086908 0.8401456775195373 0.97460929564049 0.6052164012341145 0.326314907056119 0.08127129004915946 0.48106678543145454 0.3689870857928057 0.0 0.6993277263372819 0.46733768253769936 0.5501636143296709 0.5831648825925776 0.23460220138912974 0.6520089360543591 0.5470422264550449 0.7102385972787106 0.17862046092621714 0.23095353636004112 
0.4110699339847423 0.6564709770486417 0.3102997809727912 0.4886889753391053 0.6480290617181699 0.7452153608244468 0.5318011624144201 0.31014114020777445 0.5254223065512615 0.299537797721897 0.37937051443533887 0.6200506563522774 0.2951186892181042 0.6905311898395291 0.6993277263372819 0.0 0.8917195777284456 0.8309933683521595 0.8595382451480279 0.5700177207114603 0.19555527913376394 0.7647265343434941 0.5714906566920485 0.6512007741252285 0.5581067924097898 
0.5593872029268541 0.7562619100033101 1.0861463260612336 0.8292405341803769 0.28429656333125447 0.7879392344259332 0.42235329100117996 0.8641914895571144 0.8952653550692365 0.944691577204602 0.6395488757196502 0.50058383421689 0.5968911353688553 0.8337835040208661 0.46733768253769936 0.8917195777284456 0.0 0.1581381056690054 0.17253066989916194 0.3624713315858752 0.9434354508931706 0.21788615260178817 0.543214094594386 0.32635524613321526 0.6648557404251176 
0.4564532028897178 0.820709899710919 1.0611348114116648 0.8586152926232881 0.18374726212333428 0.8664085444061294 0.31586805297240256 0.7549190247292632 0.7599541504664422 0.9334570770885678 0.643301982666909 0.5622785205932397 0.5399339774404669 0.8994270428684816 0.5501636143296709 0.8309933683521595 0.1581381056690054 0.0 0.03506106738820699 0.3802712760348887 0.9138042936361959 0.0753485683140048 0.40491080219415343 0.3807616288311895 0.7129444287634256 
0.47883541250190154 0.8551926618505608 1.0933850800207006 0.893641159139864 0.2115104955513727 0.9001890492827646 0.3390247088529096 0.7740315999861006 0.7701041590733286 0.9668985698043353 0.6778442229106805 0.5966108629199043 0.5699643928395922 0.9339078679372189 0.5831648825925776 0.8595382451480279 0.17253066989916194 0.03506106738820699 0.0 0.4153323394575017 0.945814235213318 0.09631413466787934 0.4156427139755439 0.4149671998529076 0.7478618913348719 
0.37296768105315187 0.45252092396236393 0.728125477852998 0.47904135481841864 0.269512313695299 0.5113140507449754 0.30518566878868897 0.6408249292469976 0.7528303199192872 0.5830128442376633 0.2770813120287493 0.20641646878025954 0.29640448449439755 0.5304186311473723 0.23460220138912974 0.5700177207114603 0.3624713315858752 0.3802712760348887 0.4153323394575017 0.0 0.5892484180297625 0.35292520950556666 0.4756400197203933 0.08798810071763387 0.3361938649721115 
0.5507094804136967 0.531415448337792 0.14844720219327934 0.3410830916968092 0.7392871275382036 0.6158045380002442 0.646620033457633 0.5050829019492906 0.7197964514995261 0.11005159207921186 0.3317603476379279 0.5709856913788335 0.3849797743767486 0.5478850392783835 0.6520089360543591 0.19555527913376394 0.9434354508931706 0.9138042936361959 0.945814235213318 0.5892484180297625 0.0 0.8564089804110264 0.723394330081453 0.6557216316377329 0.4615986050668694 
0.3828652794300953 0.8032030882112737 1.0044801025256034 0.8244029279526589 0.11771135793062486 0.8554877090167229 0.24279543830170594 0.6799250721568927 0.6861632238593757 0.8823314230754717 0.6012229231709767 0.5481712154670845 0.4771854391760497 0.8816266065900541 0.5470422264550449 0.7647265343434941 0.21788615260178817 0.0753485683140048 0.09631413466787934 0.35292520950556666 0.8564089804110264 0.0 0.3313115126204784 0.37062243961837077 0.6891151134738643 
0.17562425659615427 0.8840095056993919 0.865919178487727 0.8277621978031426 0.2717727909318671 0.9586796102814245 0.17078126366508894 0.3840860167021842 0.3550444082576604 0.7877096850001583 0.5938071289221671 0.6730239464855907 0.3648626747807115 0.9547181336261807 0.7102385972787106 0.5714906566920485 0.543214094594386 0.40491080219415343 0.4156427139755439 0.4756400197203933 0.723394330081453 0.3313115126204784 0.0 0.5449292706683717 0.7552222427030634 
0.45586905926150656 0.44068437256060505 0.7894495247062746 0.5032531639487305 0.3109964789008913 0.4863407679177777 0.3745519777822032 0.7285637186554228 0.8361296175115187 0.6382345965080632 0.3303941302296335 0.1817714015415431 0.38358067528816087 0.5193504235890261 0.17862046092621714 0.6512007741252285 0.32635524613321526 0.3807616288311895 0.4149671998529076 0.08798810071763387 0.6557216316377329 0.37062243961837077 0.5449292706683717 0.0 0.33991984819257126 
0.604298960503909 0.1290998601038253 0.5551070679017661 0.18148278506822418 0.6005270569265968 0.2105825847996432 0.5985993448191014 0.7720257531551956 0.9449528126200134 0.39432886336300194 0.19489076522968998 0.1680785277485991 0.43319907958361226 0.20077694830771828 0.23095353636004112 0.5581067924097898 0.6648557404251176 0.7129444287634256 0.7478618913348719 0.3361938649721115 0.4615986050668694 0.6891151134738643 0.7552222427030634 0.33991984819257126 0.0 
