0.0 0.7080074476651141 0.24569503467117243 0.4070313615958566 0.5077338060316167 0.3608840263927687 0.281915273985571 0.45349286072401224 0.2246703038108593 0.24537648920253746 0.2750162521550449 0.23847040463820637 0.903464934014945 0.11749586485351922 0.41551063084464396 0.46100021634845945 0.49749339331962483 0.5069006105454212 0.2645933296073466 0.7277020323042316 0.251370727822088 0.7935275246734005 0.781247920276143 0.8292911553128153 0.5352792990574767 
0.7080074476651141 0.0 0.6262007240945625 0.3013424799763735 0.3197313507804252 0.3843115809117405 0.4525269337059564 0.27941038827872233 0.7295511467855333 0.7644706240365702 0.48239250444250936 0.7286926745061009 0.6669989592785995 0.8060052724614969 0.33668176391876026 0.8179632729187526 0.5135421057505323 0.6896026090940087 0.802201031664191 0.023075122270918187 0.45774816829957715 0.20551867533603074 0.7488486141433981 0.6864349497128048 0.5229658035325756 
0.24569503467117243 0.6262007240945625 0.0 0.3653193431791628 0.34424914631644793 0.24279147562308584 0.1887061872551929 0.44618682636484563 0.10637811222572234 0.47908081176665507 0.1503449903673313 0.4632967916463896 1.0062640309726074 0.3557734078512754 0.28995298690130844 0.6802070427755416 0.2665253161606569 0.6851724643176347 0.5039853837890603 0.6488012694402764 0.2353631269520837 0.768247800695136 0.9318290430711286 0.953078986676244 0.654719869052923 
0.4070313615958566 0.3013424799763735 0.3653193431791628 0.0 0.22505061252531958 0.14314494922330262 0.17670275642283878 0.08872002256219648 0.4582495324681232 0.483267040656285 0.2154035607489447 0.4489834621575413 0.6823182821950763 0.505227247546449 0.13791500200573523 0.5849184718292381 0.3775640462357644 0.4996827604840625 0.5209145286159862 0.3207257546300284 0.15912320798152918 0.40654030678403125 0.666484664019867 0.652769750818034 0.38442450864407496 
0.5077338060316167 0.3197313507804252 0.34424914631644793 0.22505061252531958 0.0 0.15192532619557259 0.22763845258365947 0.29889965706365007 0.45044126033923265 0.6588804246761154 0.23409854937540905 0.6285069830866461 0.8804018177672212 0.6231311056178233 0.10516960613521395 0.7942983503002163 0.19630517860588337 0.7224490483035186 0.6945042072465634 0.34257935803815837 0.2839097645195793 0.5052082301859369 0.8871240562160613 0.8638466867656168 0.6080411686858535 
0.3608840263927687 0.3843115809117405 0.24279147562308584 0.14314494922330262 0.15192532619557259 0.0 0.07911462534788544 0.23182142567481534 0.3452511826352362 0.5083307215207968 0.09937802818645639 0.47878038794934774 0.8239313629474445 0.47437947402982766 0.055125639647036664 0.6542395784190466 0.24461118416876387 0.5991905606861084 0.5435370967927322 0.4067122248629519 0.13315659136062685 0.5292729075511766 0.7950893745832501 0.7899676055755975 0.5098245933885049 
0.281915273985571 0.4525269337059564 0.1887061872551929 0.17670275642283878 0.22763845258365947 0.07911462534788544 0.0 0.25825733947680574 0.2830885140795951 0.441233419617258 0.04062620887005184 0.41377611569714334 0.8328746904677301 0.396030692774481 0.1341061304479935 0.6019836020688629 0.2769508345003504 0.5645546022780498 0.47516485518901597 0.47430204273910603 0.077219849727788 0.5814449603302755 0.7820790214743628 0.7889211296413234 0.49764057294806807 
0.45349286072401224 0.27941038827872233 0.44618682636484563 0.08872002256219648 0.29889965706365007 0.23182142567481534 0.25825733947680574 0.0 0.533915433730911 0.48507697833873137 0.2983242975589445 0.4492836594053078 0.5943451062666499 0.5396136463202146 0.22327711007905 0.5528870036481908 0.4638292595744492 0.4469402326357703 0.5227963552769954 0.29445830143015417 0.2229237470962629 0.34115969964016596 0.5883000413225068 0.5680111272105026 0.31207381119484673 
0.2246703038108593 0.7295511467855333 0.10637811222572234 0.4582495324681232 0.45044126033923265 0.3452511826352362 0.2830885140795951 0.533915433730911 0.0 0.47004550197129724 0.24844229738034995 0.46197749636759283 1.0705369183898563 0.3128740092998326 0.39447806690199044 0.6843960672304934 0.3559923574515849 0.71476996587673 0.48819459510379537 0.7519627238851272 0.31344052864551675 0.8643032176984494 0.9767119959455665 1.0092526485255595 0.70946576440321 
0.24537648920253746 0.7644706240365702 0.47908081176665507 0.483267040656285 0.6588804246761154 0.5083307215207968 0.441233419617258 0.48507697833873137 0.47004550197129724 0.0 0.45464765573246063 0.03608158675039189 0.7569046629135336 0.19261650285163914 0.5545132738890555 0.22031933112285576 0.7038976455660121 0.3089681783030847 0.03783316828166009 0.7793307182455377 0.37524679694661084 0.7865570837962365 0.5927843467107204 0.6655544374201093 0.4073750365211375 
0.2750162521550449 0.48239250444250936 0.1503449903673313 0.2154035607489447 0.23409854937540905 0.09937802818645639 0.04062620887005184 0.2983242975589445 0.24844229738034995 0.45464765573246063 0.0 0.4293379391251323 0.8730643160943081 0.3916828520360571 0.15281627987747304 0.6253922890293035 0.25256089234727164 0.5961541785126534 0.48707140235623053 0.5045682533736501 0.10990940893229999 0.618084589113452 0.8192403349607154 0.828105146297064 0.535476797944678 
0.23847040463820637 0.7286926745061009 0.4632967916463896 0.4489834621575413 0.6285069830866461 0.47878038794934774 0.41377611569714334 0.4492836594053078 0.46197749636759283 0.03608158675039189 0.4293379391251323 0.0 0.7317173871956535 0.20363878163656912 0.5237728349145928 0.22256484361244125 0.6802545934317182 0.29095698686466875 0.07353734003584202 0.7434529744366593 0.3456408200500239 0.7508325276298162 0.5746425431666439 0.6427602297395887 0.37754329251861446 
0.903464934014945 0.6669989592785995 1.0062640309726074 0.6823182821950763 0.8804018177672212 0.8239313629474445 0.8328746904677301 0.5943451062666499 1.0705369183898563 0.7569046629135336 0.8730643160943081 0.7317173871956535 0.0 0.9251387467670661 0.8171516821083689 0.6181736371967689 1.057478038780906 0.45989451425584343 0.7785165856999878 0.6579576417849902 0.771739199457674 0.48878923361009147 0.2278722217535059 0.10942838974017481 0.36820124777442065 
0.11749586485351922 0.8060052724614969 0.3557734078512754 0.505227247546449 0.6231311056178233 0.47437947402982766 0.396030692774481 0.5396136463202146 0.3128740092998326 0.19261650285163914 0.3916828520360571 0.20363878163656912 0.9251387467670661 0.0 0.5283345510567498 0.41081902144271765 0.6134065050911924 0.49427112822525426 0.19554798681794364 0.8245964896066286 0.3567283297915299 0.8732092199895435 0.7774712846347321 0.8409366654009851 0.561268570543348 
0.41551063084464396 0.33668176391876026 0.28995298690130844 0.13791500200573523 0.10516960613521395 0.055125639647036664 0.1341061304479935 0.22327711007905 0.39447806690199044 0.5545132738890555 0.15281627987747304 0.5237728349145928 0.8171516821083689 0.5283345510567498 0.0 0.6901114557494795 0.24055413188852412 0.6238258164603676 0.5904147188022417 0.35943696280676685 0.18052378316951515 0.49308662021960137 0.8037503946126291 0.7903727467167568 0.5204384584035366 
0.46100021634845945 0.8179632729187526 0.6802070427755416 0.5849184718292381 0.7942983503002163 0.6542395784190466 0.6019836020688629 0.5528870036481908 0.6843960672304934 0.22031933112285576 0.6253922890293035 0.22256484361244125 0.6181736371967689 0.41081902144271765 0.6901114557494795 0.0 0.8776314155335699 0.16814223860285082 0.21665533107703105 0.8275802085024535 0.5266234930563716 0.7829849351161725 0.41844644868045916 0.5143078570442905 0.3382610584351212 
0.49749339331962483 0.5135421057505323 0.2665253161606569 0.3775640462357644 0.19630517860588337 0.24461118416876387 0.2769508345003504 0.4638292595744492 0.3559923574515849 0.7038976455660121 0.25256089234727164 0.6802545934317182 1.057478038780906 0.6134065050911924 0.24055413188852412 0.8776314155335699 0.0 0.8389816434398234 0.7347100618835954 0.5360731466749494 0.3539357957893175 0.7014903156003237 1.0393278392117318 1.030297787713818 0.7542623924919054 
0.5069006105454212 0.6896026090940087 0.6851724643176347 0.4996827604840625 0.7224490483035186 0.5991905606861084 0.5645546022780498 0.4469402326357703 0.71476996587673 0.3089681783030847 0.5961541785126534 0.29095698686466875 0.45989451425584343 0.49427112822525426 0.6238258164603676 0.16814223860285082 0.8389816434398234 0.0 0.3246311838496305 0.696164936539254 0.48759746110032437 0.6298708260219609 0.28395412631511835 0.36149092400862465 0.17902518185618954 
0.2645933296073466 0.802201031664191 0.5039853837890603 0.5209145286159862 0.6945042072465634 0.5435370967927322 0.47516485518901597 0.5227963552769954 0.48819459510379537 0.03783316828166009 0.48707140235623053 0.07353734003584202 0.7785165856999878 0.19554798681794364 0.5904147188022417 0.21665533107703105 0.7347100618835954 0.3246311838496305 0.0 0.816989352905743 0.4106445537102962 0.8223237919709223 0.6068369280069079 0.6845867130839602 0.435227231799894 
0.7277020323042316 0.023075122270918187 0.6488012694402764 0.3207257546300284 0.34257935803815837 0.4067122248629519 0.47430204273910603 0.29445830143015417 0.7519627238851272 0.7793307182455377 0.5045682533736501 0.7434529744366593 0.6579576417849902 0.8245964896066286 0.35943696280676685 0.8275802085024535 0.5360731466749494 0.696164936539254 0.816989352905743 0.0 0.47796447186146596 0.188679344463244 0.746517808622976 0.6808846717460105 0.5272101420189805 
0.251370727822088 0.45774816829957715 0.2353631269520837 0.15912320798152918 0.2839097645195793 0.13315659136062685 0.077219849727788 0.2229237470962629 0.31344052864551675 0.37524679694661084 0.10990940893229999 0.3456408200500239 0.771739199457674 0.3567283297915299 0.18052378316951515 0.5266234930563716 0.3539357957893175 0.48759746110032437 0.4106445537102962 0.47796447186146596 0.0 0.5611501196859324 0.7100996323385459 0.7222919055351672 0.4272715821758813 
0.7935275246734005 0.20551867533603074 0.768247800695136 0.40654030678403125 0.5052082301859369 0.5292729075511766 0.5814449603302755 0.34115969964016596 0.8643032176984494 0.7865570837962365 0.618084589113452 0.7508325276298162 0.48878923361009147 0.8732092199895435 0.49308662021960137 0.7829849351161725 0.7014903156003237 0.6298708260219609 0.8223237919709223 0.188679344463244 0.5611501196859324 0.0 0.613062494351543 0.5293693673074836 0.4509174229259402 
0.781247920276143 0.7488486141433981 0.9318290430711286 0.666484664019867 0.8871240562160613 0.7950893745832501 0.7820790214743628 0.5883000413225068 0.9767119959455665 0.5927843467107204 0.8192403349607154 0.5746425431666439 0.2278722217535059 0.7774712846347321 0.8037503946126291 0.41844644868045916 1.0393278392117318 0.28395412631511835 0.6068369280069079 0.746517808622976 0.7100996323385459 0.613062494351543 0.0 0.11979465864951219 0.28547803786059406 
0.8292911553128153 0.6864349497128048 0.953078986676244 0.652769750818034 0.8638466867656168 0.7899676055755975 0.7889211296413234 0.5680111272105026 1.0092526485255595 0.6655544374201093 0.828105146297064 0.6427602297395887 0.10942838974017481 0.8409366654009851 0.7903727467167568 0.5143078570442905 1.030297787713818 0.36149092400862465 0.6845867130839602 0.6808846717460105 0.7222919055351672 0.5293693673074836 0.11979465864951219 0.0 0.2998108472657578 
0.5352792990574767 0.5229658035325756 0.654719869052923 0.38442450864407496 0.6080411686858535 0.5098245933885049 0.49764057294806807 0.31207381119484673 0.70946576440321 0.4073750365211375 0.535476797944678 0.37754329251861446 0.36820124777442065 0.561268570543348 0.5204384584035366 0.3382610584351212 0.7542623924919054 0.17902518185618954 0.435227231799894 0.5272101420189805 0.4272715821758813 0.4509174229259402 0.28547803786059406 0.2998108472657578 0.0 
