0.0 0.5501885466514755 0.715884033668917 0.1699245749535585 0.28420720897199997 0.9080363576027309 0.3937088514072342 0.45973171301058596 0.24338308861733765 0.8067846461277501 0.7359478112802655 0.733814201595367 0.1910057188146069 0.6099642584365593 0.5616442319401472 0.1750646602034803 0.34545729260221036 0.3330398618623736 0.27565019180033234 0.6230980956208201 0.54389140680437 0.7161530830876925 0.1591998392225327 0.577422967376607 0.8716458261065049 
0.5501885466514755 0.0 0.19557982159276968 0.7106018998411728 0.5962894276140048 0.3908566810973906 0.5759929818899199 0.36322921916523704 0.4361630095784449 0.47534911023377147 0.5163834223884594 0.8617388386915649 0.38904570127636906 0.6566160926316588 0.5265970512516607 0.6980048749630207 0.8137299119582955 0.5425905728508665 0.4680083396578726 0.5230631436901395 0.46325483914389887 0.21954246338822497 0.490643584520447 0.02972979754067231 0.4538321322245025 
0.715884033668917 0.19557982159276968 0.0 0.8825489416356757 0.7901294154390858 0.3658841909010212 0.7712696695502351 0.5519234865841057 0.6288843779342358 0.582030437100321 0.6592457609091082 1.0471371061859847 0.5728578452476684 0.8403396745673696 0.707949297488785 0.8749121628604326 1.001616906687952 0.6292957434696895 0.5728975401729495 0.6941980923357659 0.46588214518596205 0.2811405549193475 0.6270326844398153 0.18322120734592576 0.5155051097218356 
0.1699245749535585 0.7106018998411728 0.8825489416356757 0.0 0.2856836747716924 1.0521019615022822 0.41473215012808 0.5579549152450098 0.336910004743846 0.9106749200811957 0.8187049292546775 0.7091505794869394 0.32899841867441654 0.6311549516614369 0.6183023680090157 0.045322520120111634 0.21299763598838367 0.46261545809637467 0.424745971368743 0.6882778346383347 0.6983841453032285 0.8606823617612482 0.3111121945858915 0.736648985034005 0.9919632117588826 
0.28420720897199997 0.5962894276140048 0.7901294154390858 0.2856836747716924 0.0 0.8641378889883975 0.12923984215307163 0.32240780918674694 0.16231652549752934 0.6606461611606593 0.5511379217307302 0.44985969964435896 0.2451018957416572 0.34614675810854817 0.3394965738956597 0.24264335553964408 0.2440556865571043 0.6037250469071296 0.5311145386079057 0.41218867812362153 0.7714293571329021 0.6826716595016428 0.4245304008593386 0.6148015053263997 0.7608852781465906 
0.9080363576027309 0.3908566810973906 0.3658841909010212 1.0521019615022822 0.8641378889883975 0.0 0.7909489456993263 0.5476203431737321 0.7296682513398606 0.3445031901437311 0.47884616417473846 0.9549621482986702 0.7240688797254813 0.7591501421434754 0.6350478916516454 1.0298225803212266 1.1058206096707615 0.932721000838345 0.858841825089392 0.5852820237365601 0.8184621184507438 0.19195668507799057 0.8744850449984081 0.36134277348127447 0.2195354616332884 
0.3937088514072342 0.5759929818899199 0.7712696695502351 0.41473215012808 0.12923984215307163 0.7909489456993263 0.0 0.24472887231262555 0.19442466279878962 0.5534592049179776 0.4334358247537688 0.352496111305341 0.2963878230588642 0.21947703402836405 0.215797040453466 0.3718774812690482 0.3500291632316008 0.6916556533943573 0.6118447284318143 0.28979193097261835 0.8278328354977399 0.6209016681478668 0.5159118733004489 0.5891275791110291 0.6641045309064595 
0.45973171301058596 0.36322921916523704 0.5519234865841057 0.5579549152450098 0.32240780918674694 0.5476203431737321 0.24472887231262555 0.0 0.22287582983077625 0.3528423828498507 0.278557408409039 0.4987711988228016 0.2786435240194215 0.295277062998999 0.17139801194451856 0.5250124797479871 0.566460917981082 0.6608855683068154 0.5725190824769659 0.19573333431515566 0.7185013255036923 0.37646713693100026 0.514527074777164 0.36940617978360396 0.4406171687467583 
0.24338308861733765 0.4361630095784449 0.6288843779342358 0.336910004743846 0.16231652549752934 0.7296682513398606 0.19442466279878962 0.22287582983077625 0.0 0.5754220129297087 0.4943160861433088 0.5456045389797695 0.10213445570463052 0.38714354194776934 0.3209313198451789 0.3068647310024259 0.38292079242926785 0.5039654358207303 0.42129394267257797 0.3800592615477275 0.6340585170065898 0.5418678423989473 0.3337212361830973 0.45598960770535635 0.6553924083343106 
0.8067846461277501 0.47534911023377147 0.582030437100321 0.9106749200811957 0.6606461611606593 0.3445031901437311 0.5534592049179776 0.3528423828498507 0.5754220129297087 0.0 0.14645003191689498 0.6305854240970984 0.6183892295429501 0.4525127653637712 0.3515770761446391 0.8769780100161456 0.9007024119470168 0.9537479503337165 0.8669704044605941 0.28381299033335067 0.9332559482535391 0.3014678260857149 0.8359838991244066 0.45774320905287713 0.13637656557256617 
0.7359478112802655 0.5163834223884594 0.6592457609091082 0.8187049292546775 0.5511379217307302 0.47884616417473846 0.4334358247537688 0.278557408409039 0.4943160861433088 0.14645003191689498 0.0 0.48449166231476926 0.5571987692696381 0.3081057736222583 0.22035247039677472 0.781284147151 0.7834547312934925 0.9293193051737488 0.8408465714288113 0.14725230227994926 0.9494754821381302 0.3927421537310289 0.7912067651989413 0.506264540841043 0.28188269653102804 
0.733814201595367 0.8617388386915649 1.0471371061859847 0.7091505794869394 0.44985969964435896 0.9549621482986702 0.352496111305341 0.4987711988228016 0.5456045389797695 0.6305854240970984 0.48449166231476926 0.0 0.6477182867044293 0.20725749158844456 0.340547895754962 0.6638794934509898 0.5539040696006339 1.0434157153648629 0.9642939652352082 0.3723700798168251 1.1745401621436933 0.8301277035029927 0.8663957290152362 0.8664038758211433 0.7663743081170526 
0.1910057188146069 0.38904570127636906 0.5728578452476684 0.32899841867441654 0.2451018957416572 0.7240688797254813 0.2963878230588642 0.2786435240194215 0.10213445570463052 0.6183892295429501 0.5571987692696381 0.6477182867044293 0.0 0.48531961900969894 0.40727634486910763 0.3111413780957218 0.42943446554963616 0.40544977300236457 0.3210971072476724 0.4588136292564308 0.5335758874994906 0.5323088094818026 0.24164355518536704 0.4131818884788875 0.6806403956784329 
0.6099642584365593 0.6566160926316588 0.8403396745673696 0.6311549516614369 0.34614675810854817 0.7591501421434754 0.21947703402836405 0.295277062998999 0.38714354194776934 0.4525127653637712 0.3081057736222583 0.20725749158844456 0.48531961900969894 0.0 0.13334065795927164 0.5872525746708583 0.5325203242266262 0.8904959454611453 0.8063571911581394 0.17437966293359156 0.9938171507213327 0.6252799065654826 0.7205176746175787 0.6602796377798296 0.5841507573825259 
0.5616442319401472 0.5265970512516607 0.707949297488785 0.6183023680090157 0.3394965738956597 0.6350478916516454 0.215797040453466 0.17139801194451856 0.3209313198451789 0.3515770761446391 0.22035247039677472 0.340547895754962 0.40727634486910763 0.13334065795927164 0.0 0.5779293959551749 0.5648154527917283 0.8089046289662812 0.7219065510503297 0.0741870518955458 0.8866065914543182 0.49361503310095706 0.6488032989790296 0.5289407273486566 0.4747807241982671 
0.1750646602034803 0.6980048749630207 0.8749121628604326 0.045322520120111634 0.24264335553964408 1.0298225803212266 0.3718774812690482 0.5250124797479871 0.3068647310024259 0.8769780100161456 0.781284147151 0.6638794934509898 0.3111413780957218 0.5872525746708583 0.5779293959551749 0.0 0.18039327766602645 0.48807009551129876 0.4433796987630957 0.648696874155636 0.7155003569519626 0.8391786783780306 0.32750770566193743 0.7231370215402715 0.9619920865747824 
0.34545729260221036 0.8137299119582955 1.001616906687952 0.21299763598838367 0.2440556865571043 1.1058206096707615 0.3500291632316008 0.566460917981082 0.38292079242926785 0.9007024119470168 0.7834547312934925 0.5539040696006339 0.42943446554963616 0.5325203242266262 0.5648154527917283 0.18039327766602645 0.0 0.668000015523346 0.6198255185629962 0.6390007625631352 0.8893314883555925 0.9215810346524038 0.5032309820220399 0.8355556676178141 1.0043274059605496 
0.3330398618623736 0.5425905728508665 0.6292957434696895 0.46261545809637467 0.6037250469071296 0.932721000838345 0.6916556533943573 0.6608855683068154 0.5039654358207303 0.9537479503337165 0.9293193051737488 1.0434157153648629 0.40544977300236457 0.8904959454611453 0.8089046289662812 0.48807009551129876 0.668000015523346 0.0 0.08853918107846542 0.8534340617698661 0.26140973851234084 0.7584673690284566 0.17927144215855395 0.5717810931047328 0.9742187168058141 
0.27565019180033234 0.4680083396578726 0.5728975401729495 0.424745971368743 0.5311145386079057 0.858841825089392 0.6118447284318143 0.5725190824769659 0.42129394267257797 0.8669704044605941 0.8408465714288113 0.9642939652352082 0.3210971072476724 0.8063571911581394 0.7219065510503297 0.4433796987630957 0.6198255185629962 0.08853918107846542 0.0 0.7654383903183902 0.2738171758448399 0.6803227354329346 0.1166492021371168 0.49759519850337597 0.8909307020429328 
0.6230980956208201 0.5230631436901395 0.6941980923357659 0.6882778346383347 0.41218867812362153 0.5852820237365601 0.28979193097261835 0.19573333431515566 0.3800592615477275 0.28381299033335067 0.14725230227994926 0.3723700798168251 0.4588136292564308 0.17437966293359156 0.0741870518955458 0.648696874155636 0.6390007625631352 0.8534340617698661 0.7654383903183902 0.0 0.912101825583468 0.4594053332681357 0.6998947281564741 0.521217585163773 0.41193224671718853 
0.54389140680437 0.46325483914389887 0.46588214518596205 0.6983841453032285 0.7714293571329021 0.8184621184507438 0.8278328354977399 0.7185013255036923 0.6340585170065898 0.9332559482535391 0.9494754821381302 1.1745401621436933 0.5335758874994906 0.9938171507213327 0.8866065914543182 0.7155003569519626 0.8893314883555925 0.26140973851234084 0.2738171758448399 0.912101825583468 0.0 0.6767482118897719 0.388098909433471 0.4864079528239605 0.916401301368921 
0.7161530830876925 0.21954246338822497 0.2811405549193475 0.8606823617612482 0.6826716595016428 0.19195668507799057 0.6209016681478668 0.37646713693100026 0.5418678423989473 0.3014678260857149 0.3927421537310289 0.8301277035029927 0.5323088094818026 0.6252799065654826 0.49361503310095706 0.8391786783780306 0.9215810346524038 0.7584673690284566 0.6803227354329346 0.4594053332681357 0.6767482118897719 0.0 0.6873855537192306 0.1926770469186585 0.24328175996904403 
0.1591998392225327 0.490643584520447 0.6270326844398153 0.3111121945858915 0.4245304008593386 0.8744850449984081 0.5159118733004489 0.514527074777164 0.3337212361830973 0.8359838991244066 0.7912067651989413 0.8663957290152362 0.24164355518536704 0.7205176746175787 0.6488032989790296 0.32750770566193743 0.5032309820220399 0.17927144215855395 0.1166492021371168 0.6998947281564741 0.388098909433471 0.6873855537192306 0.0 0.5201060127269108 0.8774142443981595 
0.577422967376607 0.02972979754067231 0.18322120734592576 0.736648985034005 0.6148015053263997 0.36134277348127447 0.5891275791110291 0.36940617978360396 0.45598960770535635 0.45774320905287713 0.506264540841043 0.8664038758211433 0.4131818884788875 0.6602796377798296 0.5289407273486566 0.7231370215402715 0.8355556676178141 0.5717810931047328 0.49759519850337597 0.521217585163773 0.4864079528239605 0.1926770469186585 0.5201060127269108 0.0 0.4299938808671595 
0.8716458261065049 0.4538321322245025 0.5155051097218356 0.9919632117588826 0.7608852781465906 0.2195354616332884 0.6641045309064595 0.4406171687467583 0.6553924083343106 0.13637656557256617 0.28188269653102804 0.7663743081170526 0.6806403956784329 0.5841507573825259 0.4747807241982671 0.9619920865747824 1.0043274059605496 0.9742187168058141 0.8909307020429328 0.41193224671718853 0.916401301368921 0.24328175996904403 0.8774142443981595 0.4299938808671595 0.0 
