0.0 0.41001738877589006 0.41539896969710854 0.506317689616558 0.3481290675654421 0.4677630197693558 0.4303870998745684 0.5281298913041163 0.19189089312081317 0.12812886845423085 0.39642625589443325 0.620173775805111 0.496153143474838 0.35213362154835187 0.2317076299434621 0.587821059686594 0.3494658958499067 0.375537647177285 0.2544621737822322 0.6231293107589408 0.3143594386079565 0.4251585528384005 0.2045968773346183 0.45694916536203106 0.6613495185067021 
0.41001738877589006 0.0 0.8197515958313564 0.4049515125412293 0.09273332116768696 0.8627523091023894 0.545432996791605 0.3006541148159146 0.5708576442645072 0.5369900518769994 0.7653948376177362 0.9073570573798744 0.8947997916507328 0.14477722412662034 0.2595232238205476 0.9977955964237883 0.3407287214211697 0.745255342225734 0.19936511186733813 0.9322658187917573 0.3495512422775982 0.6536292709890698 0.24414890542555784 0.46617655521448603 0.9636851225910348 
0.41539896969710854 0.8197515958313564 0.0 0.8727519839944273 0.7470824124088228 0.07988784082757272 0.5751562403511034 0.9277628846533491 0.3374830369485535 0.2878691394939908 0.3445324637746435 0.62602186446689 0.08933361815346767 0.7351045655895422 0.5936274013105415 0.20257730819016195 0.7210080060875264 0.165517326520479 0.6395349902114733 0.589754173849003 0.6813373824955699 0.5967079985849745 0.6165260468326039 0.6773716033850273 0.6276671233231681 
0.506317689616558 0.4049515125412293 0.8727519839944273 0.0 0.4583098189065211 0.941245888364107 0.8564047826640406 0.15069607219144124 0.5385837338157007 0.6072135648908831 0.6545605007309176 0.6606841722541567 0.9614726629718612 0.5155308543861237 0.5448044892094933 0.9919685374135786 0.1572052802262216 0.8752033338287695 0.4974936203768064 0.7059076829287186 0.19472229034053648 0.4136899744053376 0.3318979797829895 0.8170244468557631 0.7248007265260517 
0.3481290675654421 0.09273332116768696 0.7470824124088228 0.4583098189065211 0.0 0.7854198883835047 0.4538062907960108 0.3746151904731087 0.5239713713193984 0.4709595604345871 0.7252079788764609 0.8934491174998842 0.8186856755029109 0.058885627870423764 0.16979725983646846 0.9314990557660344 0.36483709379400303 0.6627543874458575 0.11179919266411072 0.9126993491377943 0.3635035329002526 0.6479792174327732 0.22140471446740556 0.37994259973343325 0.9464195930403608 
0.4677630197693558 0.8627523091023894 0.07988784082757272 0.941245888364107 0.7854198883835047 0.0 0.5648985599699675 0.9892348507715647 0.41078168238343377 0.3437648660866569 0.42362521113757523 0.7029206676093629 0.03811896263945462 0.7680692560498119 0.6251819597491329 0.21964779308133717 0.7875849872698585 0.14655969334971009 0.6753655925266278 0.6648291809444831 0.7482136464018997 0.6759688337824385 0.6718066196583442 0.67593074520966 0.7021032613936035 
0.4303870998745684 0.545432996791605 0.5751562403511034 0.8564047826640406 0.4538062907960108 0.5648985599699675 0.0 0.8121392148196375 0.5886286185988365 0.449660598881863 0.7662526379145543 1.0301001615580947 0.6028952834396816 0.40158838843203376 0.3139425136462569 0.7755072708134931 0.7171624564565642 0.4189523072355307 0.36875976714261804 1.0219223762930292 0.693610914193574 0.8550545495663884 0.5284458338403254 0.1270388205613115 1.061925825352452 
0.5281298913041163 0.3006541148159146 0.9277628846533491 0.15069607219144124 0.3746151904731087 0.9892348507715647 0.8121392148196375 0.0 0.608657446608107 0.6459448633213003 0.7552521013633813 0.797405979395969 1.0139378583155796 0.4334358214372744 0.4996554964322033 1.068783978146449 0.22364180487626667 0.9034849662653899 0.4433816654465094 0.8388065736963811 0.26139612826927683 0.5427153780827999 0.326954533727168 0.7524516029303445 0.8607369950231067 
0.19189089312081317 0.5708576442645072 0.3374830369485535 0.5385837338157007 0.5239713713193984 0.41078168238343377 0.5886286185988365 0.608657446608107 0.0 0.143934386488035 0.2050611069016536 0.44179663705072975 0.42681062966776506 0.5367350801561808 0.42332327084041366 0.4601265436480744 0.39172156339390163 0.38030473599711345 0.44125233385737733 0.43775535625256684 0.3519154340224087 0.2961087672897612 0.3323930168348363 0.6360338950030362 0.4770302666402194 
0.12812886845423085 0.5369900518769994 0.2878691394939908 0.6072135648908831 0.4709595604345871 0.3437648660866569 0.449660598881863 0.6459448633213003 0.143934386488035 0.0 0.3200409539354363 0.5814807613058314 0.3703529564254296 0.4683881909647922 0.3354033246444549 0.46118359008311816 0.4508070131878766 0.2693284541498863 0.3701550134448226 0.5722845172104968 0.41250555842118847 0.43504279007791685 0.32905411708133825 0.508187071665107 0.6122676246880314 
0.39642625589443325 0.7653948376177362 0.3445324637746435 0.6545605007309176 0.7252079788764609 0.42362521113757523 0.7662526379145543 0.7552521013633813 0.2050611069016536 0.3200409539354363 0.0 0.2883290497260904 0.42140079940731845 0.7407362840671156 0.6281068969126734 0.3666736104529329 0.5316507215936949 0.4628637644147088 0.6459563111387524 0.26355482478171666 0.4947993142235089 0.2842181230427452 0.5220257383162212 0.8280356273887864 0.30379448219771704 
0.620173775805111 0.9073570573798744 0.62602186446689 0.6606841722541567 0.8934491174998842 0.7029206676093629 1.0301001615580947 0.797405979395969 0.44179663705072975 0.5814807613058314 0.2883290497260904 0.0 0.6950456737370674 0.9241136029232073 0.8392450602128486 0.5949353171155775 0.5961494270874075 0.7511908920073055 0.8402384714668292 0.0607070678028365 0.5716016576336594 0.2592777646283822 0.6724262869029662 1.0751971255183013 0.06445028309967628 
0.496153143474838 0.8947997916507328 0.08933361815346767 0.9614726629718612 0.8186856755029109 0.03811896263945462 0.6028952834396816 1.0139378583155796 0.42681062966776506 0.3703529564254296 0.42140079940731845 0.6950456737370674 0.0 0.8025743911093305 0.6598441483401911 0.1855217836409741 0.8091289457389486 0.18467841676617344 0.7091431371463948 0.6544354600386819 0.7695396847540094 0.6823935590839275 0.6993111527912996 0.7140443829079568 0.6908228564748161 
0.35213362154835187 0.14477722412662034 0.7351045655895422 0.5155308543861237 0.058885627870423764 0.7680692560498119 0.40158838843203376 0.4334358214372744 0.5367350801561808 0.4683881909647922 0.7407362840671156 0.9241136029232073 0.8025743911093305 0.0 0.14298721065815848 0.9249421481425769 0.41581227890854155 0.6395447894849028 0.09831241929512803 0.9401209581961487 0.41119620076720026 0.6843095373344412 0.2580224677146901 0.32244330740393 0.9750065085002609 
0.2317076299434621 0.2595232238205476 0.5936274013105415 0.5448044892094933 0.16979725983646846 0.6251819597491329 0.3139425136462569 0.4996554964322033 0.42332327084041366 0.3354033246444549 0.6281068969126734 0.8392450602128486 0.6598441483401911 0.14298721065815848 0.0 0.7858891931886394 0.4131986402383144 0.4969682992665019 0.06092164569984408 0.8477313291447214 0.395259209269837 0.6182760400076509 0.22577415006529825 0.278541736896739 0.8848073738224008 
0.587821059686594 0.9977955964237883 0.20257730819016195 0.9919685374135786 0.9314990557660344 0.21964779308133717 0.7755072708134931 1.068783978146449 0.4601265436480744 0.46118359008311816 0.3666736104529329 0.5949353171155775 0.1855217836409741 0.9249421481425769 0.7858891931886394 0.0 0.850543276410378 0.35857665499898567 0.8276265381064073 0.5445111830375088 0.8109251438727361 0.6505002224521543 0.7777765220734816 0.8797416998439384 0.5756875261487431 
0.3494658958499067 0.3407287214211697 0.7210080060875264 0.1572052802262216 0.36483709379400303 0.7875849872698585 0.7171624564565642 0.22364180487626667 0.39172156339390163 0.4508070131878766 0.5316507215936949 0.5961494270874075 0.8091289457389486 0.41581227890854155 0.4131986402383144 0.850543276410378 0.0 0.7182380116420894 0.37464214311321603 0.6315302945509149 0.03985329632287605 0.33691311827139836 0.18901845784870333 0.6911988638101778 0.6573477100895999 
0.375537647177285 0.745255342225734 0.165517326520479 0.8752033338287695 0.6627543874458575 0.14655969334971009 0.4189523072355307 0.9034849662653899 0.38030473599711345 0.2693284541498863 0.4628637644147088 0.7511908920073055 0.18467841676617344 0.6395447894849028 0.4969682992665019 0.35857665499898567 0.7182380116420894 0.0 0.5511417671479842 0.7228578339652028 0.6805710303690361 0.6717340802699432 0.5778840336909361 0.5294129304714777 0.7623664190877216 
0.2544621737822322 0.19936511186733813 0.6395349902114733 0.4974936203768064 0.11179919266411072 0.6753655925266278 0.36875976714261804 0.4433816654465094 0.44125233385737733 0.3701550134448226 0.6459563111387524 0.8402384714668292 0.7091431371463948 0.09831241929512803 0.06092164569984408 0.8276265381064073 0.37464214311321603 0.5511417671479842 0.0 0.8530277375128311 0.3613554405275581 0.6085877908296367 0.1942724921431857 0.31966882681470277 0.8889006511799168 
0.6231293107589408 0.9322658187917573 0.589754173849003 0.7059076829287186 0.9126993491377943 0.6648291809444831 1.0219223762930292 0.8388065736963811 0.43775535625256684 0.5722845172104968 0.26355482478171666 0.0607070678028365 0.6544354600386819 0.9401209581961487 0.8477313291447214 0.5445111830375088 0.6315302945509149 0.7228578339652028 0.8530277375128311 0.0 0.604445772356242 0.29638429025425855 0.6932133872212348 1.0737868299679132 0.040347334123019704 
0.3143594386079565 0.3495512422775982 0.6813373824955699 0.19472229034053648 0.3635035329002526 0.7482136464018997 0.693610914193574 0.26139612826927683 0.3519154340224087 0.41250555842118847 0.4947993142235089 0.5716016576336594 0.7695396847540094 0.41119620076720026 0.395259209269837 0.8109251438727361 0.03985329632287605 0.6805710303690361 0.3613554405275581 0.604445772356242 0.0 0.31270982540609943 0.16950135031851496 0.6737964704084841 0.6317020749102525 
0.4251585528384005 0.6536292709890698 0.5967079985849745 0.4136899744053376 0.6479792174327732 0.6759688337824385 0.8550545495663884 0.5427153780827999 0.2961087672897612 0.43504279007791685 0.2842181230427452 0.2592777646283822 0.6823935590839275 0.6843095373344412 0.6182760400076509 0.6505002224521543 0.33691311827139836 0.6717340802699432 0.6085877908296367 0.29638429025425855 0.31270982540609943 0.0 0.4271557986367393 0.8771029101240154 0.3206009961765046 
0.2045968773346183 0.24414890542555784 0.6165260468326039 0.3318979797829895 0.22140471446740556 0.6718066196583442 0.5284458338403254 0.326954533727168 0.3323930168348363 0.32905411708133825 0.5220257383162212 0.6724262869029662 0.6993111527912996 0.2580224677146901 0.22577415006529825 0.7777765220734816 0.18901845784870333 0.5778840336909361 0.1942724921431857 0.6932133872212348 0.16950135031851496 0.4271557986367393 0.0 0.5043158734805455 0.7262066300154859 
0.45694916536203106 0.46617655521448603 0.6773716033850273 0.8170244468557631 0.37994259973343325 0.67593074520966 0.1270388205613115 0.7524516029303445 0.6360338950030362 0.508187071665107 0.8280356273887864 1.0751971255183013 0.7140443829079568 0.32244330740393 0.278541736896739 0.8797416998439384 0.6911988638101778 0.5294129304714777 0.31966882681470277 1.0737868299679132 0.6737964704084841 0.8771029101240154 0.5043158734805455 0.0 1.1129820626941402 
0.6613495185067021 0.9636851225910348 0.6276671233231681 0.7248007265260517 0.9464195930403608 0.7021032613936035 1.061925825352452 0.8607369950231067 0.4770302666402194 0.6122676246880314 0.30379448219771704 0.06445028309967628 0.6908228564748161 0.9750065085002609 0.8848073738224008 0.5756875261487431 0.6573477100895999 0.7623664190877216 0.8889006511799168 0.040347334123019704 0.6317020749102525 0.3206009961765046 0.7262066300154859 1.1129820626941402 0.0 
