0.0 0.7958726633141208 0.3400456553393448 0.9540270764967795 0.2750683323216002 0.7251844641054704 0.5975112499545205 0.5805376245315571 0.37688775504547967 0.32436101154963826 0.22263122742852995 0.4297074696990077 0.545725729430212 0.5758326484635502 0.41110220079484044 0.12100657474662492 0.7446883766699807 0.1382153983095482 0.49977117089644135 0.7154076484951039 0.6297686025492809 0.4215695675858498 0.5413676769190258 0.2778287439488944 0.5784732941749364 
0.7958726633141208 0.0 0.7831869575002278 0.8222450494134029 0.6428142244155618 0.8042296705609384 1.0029016097091117 0.2540898846288383 0.5503756214293275 0.7925105656089406 0.6920262120644429 1.1551163410333125 1.167943730639582 0.23225751751526624 0.5246826081931344 0.8843343187403011 0.25771657253202124 0.9338947103625478 0.35643188093070577 0.6143743339791244 1.096104114968613 0.6504175649837939 0.9834308907470677 1.0066958210333419 0.2611302171954072 
0.3400456553393448 0.7831869575002278 0.0 1.203511005558529 0.1615974125080002 1.007196281093181 0.9314706327251386 0.6565937871980194 0.23281403833845135 0.020037566733585043 0.5130031655020375 0.7356348622585683 0.8782433746981456 0.6254745445505628 0.2604053683458075 0.29561884478785583 0.8418828602164076 0.404311609668963 0.6218172134772376 0.9450277397127106 0.9690812242547499 0.6915327041015097 0.8769795916048807 0.5987907189834664 0.6592676700235981 
0.9540270764967795 0.8222450494134029 1.203511005558529 0.0 1.0491763278228092 0.2597882109928663 0.5848874509941636 0.6688440264067972 1.045107153460036 1.1982769597187644 0.7314004821603969 1.0034178777163554 0.8737401701465828 0.7204217617840986 1.048660826034703 1.073638909018528 0.565034185616615 1.0330921566877644 0.6316514617009485 0.2622800883965607 0.6726257623686626 0.5324858799892616 0.6198387337225215 0.9368314772461513 0.6607231475060843 
0.2750683323216002 0.6428142244155618 0.1615974125080002 1.0491763278228092 0.0 0.8633428972233984 0.8237410089778214 0.49759948543732113 0.11483079656487005 0.16299475396912178 0.38906846942330786 0.7036998672500194 0.8163613597397379 0.46912016795492195 0.15091490728341572 0.2938485011779973 0.6826592877315132 0.38635956400160343 0.4602227639561956 0.7889362855273064 0.8740325429362259 0.5497369839252751 0.7729998881429069 0.5528865542298897 0.4998623816364743 
0.7251844641054704 0.8042296705609384 1.007196281093181 0.2597882109928663 0.8633428972233984 0.0 0.33575410538967043 0.5894568117619826 0.8823284412341756 0.999064050333135 0.5063224133677726 0.743672639615358 0.6196392666441913 0.6378416560791941 0.8934201499808607 0.841256699265923 0.5599012262144446 0.7896636849022466 0.5176541271765814 0.20114569457139794 0.43067827419808796 0.3157020030049896 0.3642189262607121 0.68005958633712 0.58060921607898 
0.5975112499545205 1.0029016097091117 0.9314706327251386 0.5848874509941636 0.8237410089778214 0.33575410538967043 0.0 0.7537076213130228 0.8844403449120849 0.917687889796965 0.4377062027178689 0.44561366512735373 0.2902400088984794 0.7900785414674271 0.9074590539740233 0.6884063239731806 0.7982569063746325 0.6033221149505968 0.6560800581960938 0.4968297657622139 0.100708536082874 0.35850164218947916 0.058848990466956054 0.4342949599822784 0.7456888323173492 
0.5805376245315571 0.2540898846288383 0.6565937871980194 0.6688440264067972 0.49759948543732113 0.5894568117619826 0.7537076213130228 0.0 0.44090193602575944 0.6601661924530877 0.4460172321712446 0.9089499555780011 0.9142749426771213 0.0515952258819202 0.43004518943062114 0.6836732728593479 0.18529414182274112 0.7151037048638806 0.10247429600516814 0.4227228798203815 0.8449618558281241 0.39797833016861406 0.7315685827489026 0.7644247781225524 0.008847963695383291 
0.37688775504547967 0.5503756214293275 0.23281403833845135 1.045107153460036 0.11483079656487005 0.8823284412341756 0.8844403449120849 0.44090193602575944 0.0 0.24266276854571533 0.44721965392179563 0.806325918432799 0.9061133923831634 0.4038695268456128 0.03613671913349167 0.40779919024997285 0.6246365785130178 0.4967433446112611 0.4264609762698245 0.7828274637696155 0.943789223546017 0.5785381457328533 0.8374980886355641 0.652851746463274 0.44492918138446486 
0.32436101154963826 0.7925105656089406 0.020037566733585043 1.1982769597187644 0.16299475396912178 0.999064050333135 0.917687889796965 0.6601661924530877 0.24266276854571533 0.0 0.5022945840827067 0.7166168285587095 0.8605928320238563 0.6303152017365633 0.2717673326787343 0.27651607472361767 0.8453540901188372 0.3853535414704613 0.6224052525782269 0.940649745535922 0.9539229488449765 0.6833685991218195 0.8628475976257377 0.5806238035304342 0.6625865231889767 
0.22263122742852995 0.6920262120644429 0.5130031655020375 0.7314004821603969 0.38906846942330786 0.5063224133677726 0.4377062027178689 0.4460172321712446 0.44721965392179563 0.5022945840827067 0.0 0.46342174806631026 0.49485480568354734 0.45978336305979184 0.47151221161124685 0.3426888186047711 0.5794103819773047 0.31807138961093 0.3478577950805677 0.4953410222354061 0.49791503164833134 0.19894048954135884 0.3903128420752233 0.31911949687916097 0.4411312865264796 
0.4297074696990077 1.1551163410333125 0.7356348622585683 1.0034178777163554 0.7036998672500194 0.743672639615358 0.44561366512735373 0.9089499555780011 0.806325918432799 0.7166168285587095 0.46342174806631026 0.0 0.19828756988233004 0.9229790893373085 0.8401147475210322 0.4401128530015023 1.0297378788209037 0.33133716629542703 0.8093242300610757 0.8434688511073765 0.4019601792915892 0.5715075858241603 0.39532805621598194 0.15582936511635426 0.9037890002758879 
0.545725729430212 1.167943730639582 0.8782433746981456 0.8737401701465828 0.8163613597397379 0.6196392666441913 0.2902400088984794 0.9142749426771213 0.9061133923831634 0.8605928320238563 0.49485480568354734 0.19828756988233004 0.0 0.9385913622230143 0.9367187127338361 0.5907067678510565 1.0037593815329748 0.4841269815952709 0.8118020260630512 0.7563018470769226 0.2206560099500529 0.5317010530397641 0.25551839824616496 0.2827345833488818 0.9076782741395762 
0.5758326484635502 0.23225751751526624 0.6254745445505628 0.7204217617840986 0.46912016795492195 0.6378416560791941 0.7900785414674271 0.0515952258819202 0.4038695268456128 0.6303152017365633 0.45978336305979184 0.9229790893373085 0.9385913622230143 0.0 0.3902020288421362 0.6734714131688344 0.22165414520766138 0.7124925033634811 0.13401752229498742 0.4738443063408128 0.8792735208438225 0.43217793077611183 0.7652508154109647 0.7752375354958831 0.05990601618613963 
0.41110220079484044 0.5246826081931344 0.2604053683458075 1.048660826034703 0.15091490728341572 0.8934201499808607 0.9074590539740233 0.43004518943062114 0.03613671913349167 0.2717673326787343 0.47151221161124685 0.8401147475210322 0.9367187127338361 0.3902020288421362 0.0 0.4439049488304786 0.6118043894409689 0.532314358499543 0.42401837712708507 0.7866055885015728 0.9691410662912622 0.5939599840060228 0.8616533938466016 0.6861785145098197 0.4346816140741475 
0.12100657474662492 0.8843343187403011 0.29561884478785583 1.073638909018528 0.2938485011779973 0.841256699265923 0.6884063239731806 0.6836732728593479 0.40779919024997285 0.27651607472361767 0.3426888186047711 0.4401128530015023 0.5907067678510565 0.6734714131688344 0.4439049488304786 0.0 0.8542433216860926 0.10904590865107022 0.6094138670592402 0.8363694218852804 0.7078109683484264 0.5414820781161676 0.6304269523830884 0.3082221530900855 0.6824738176918049 
0.7446883766699807 0.25771657253202124 0.8418828602164076 0.565034185616615 0.6826592877315132 0.5599012262144446 0.7982569063746325 0.18529414182274112 0.6246365785130178 0.8453540901188372 0.5794103819773047 1.0297378788209037 1.0037593815329748 0.22165414520766138 0.6118043894409689 0.8542433216860926 0.0 0.8742446904027151 0.24505906745890205 0.3632677399805505 0.8965699170089046 0.47214164556635996 0.7892764125741016 0.8956908160897697 0.18279817696341885 
0.1382153983095482 0.9338947103625478 0.404311609668963 1.0330921566877644 0.38635956400160343 0.7896636849022466 0.6033221149505968 0.7151037048638806 0.4967433446112611 0.3853535414704613 0.31807138961093 0.33133716629542703 0.4841269815952709 0.7124925033634811 0.532314358499543 0.10904590865107022 0.8742446904027151 0.0 0.6304887443279198 0.809729223092038 0.6133240475712292 0.5085926437260176 0.5445856740869356 0.2014476754800675 0.7126081300816614 
0.49977117089644135 0.35643188093070577 0.6218172134772376 0.6316514617009485 0.4602227639561956 0.5176541271765814 0.6560800581960938 0.10247429600516814 0.4264609762698245 0.6224052525782269 0.3478577950805677 0.8093242300610757 0.8118020260630512 0.13401752229498742 0.42401837712708507 0.6094138670592402 0.24505906745890205 0.6304887443279198 0.0 0.3731502340097052 0.745659537083771 0.2984116218654364 0.6318057874377783 0.6669636960536768 0.09600792510230217 
0.7154076484951039 0.6143743339791244 0.9450277397127106 0.2622800883965607 0.7889362855273064 0.20114569457139794 0.4968297657622139 0.4227228798203815 0.7828274637696155 0.940649745535922 0.4953410222354061 0.8434688511073765 0.7563018470769226 0.4738443063408128 0.7866055885015728 0.8363694218852804 0.3632677399805505 0.809729223092038 0.3731502340097052 0.0 0.5971877855410123 0.30151766093816423 0.5080279524262666 0.7473851764132114 0.41412308786843616 
0.6297686025492809 1.096104114968613 0.9690812242547499 0.6726257623686626 0.8740325429362259 0.43067827419808796 0.100708536082874 0.8449618558281241 0.943789223546017 0.9539229488449765 0.49791503164833134 0.4019601792915892 0.2206560099500529 0.8792735208438225 0.9691410662912622 0.7078109683484264 0.8965699170089046 0.6133240475712292 0.745659537083771 0.5971877855410123 0.0 0.44727581905556063 0.11448449263423273 0.426100234843135 0.8371539803512655 
0.4215695675858498 0.6504175649837939 0.6915327041015097 0.5324858799892616 0.5497369839252751 0.3157020030049896 0.35850164218947916 0.39797833016861406 0.5785381457328533 0.6833685991218195 0.19894048954135884 0.5715075858241603 0.5317010530397641 0.43217793077611183 0.5939599840060228 0.5414820781161676 0.47214164556635996 0.5085926437260176 0.2984116218654364 0.30151766093816423 0.44727581905556063 0.0 0.33361696346504116 0.4565322877465064 0.3903030783670874 
0.5413676769190258 0.9834308907470677 0.8769795916048807 0.6198387337225215 0.7729998881429069 0.3642189262607121 0.058848990466956054 0.7315685827489026 0.8374980886355641 0.8628475976257377 0.3903128420752233 0.39532805621598194 0.25551839824616496 0.7652508154109647 0.8616533938466016 0.6304269523830884 0.7892764125741016 0.5445856740869356 0.6318057874377783 0.5080279524262666 0.11448449263423273 0.33361696346504116 0.0 0.376269053671522 0.7238478822883518 
0.2778287439488944 1.0066958210333419 0.5987907189834664 0.9368314772461513 0.5528865542298897 0.68005958633712 0.4342949599822784 0.7644247781225524 0.652851746463274 0.5806238035304342 0.31911949687916097 0.15582936511635426 0.2827345833488818 0.7752375354958831 0.6861785145098197 0.3082221530900855 0.8956908160897697 0.2014476754800675 0.6669636960536768 0.7473851764132114 0.426100234843135 0.4565322877465064 0.376269053671522 0.0 0.759785868987192 
0.5784732941749364 0.2611302171954072 0.6592676700235981 0.6607231475060843 0.4998623816364743 0.58060921607898 0.7456888323173492 0.008847963695383291 0.44492918138446486 0.6625865231889767 0.4411312865264796 0.9037890002758879 0.9076782741395762 0.05990601618613963 0.4346816140741475 0.6824738176918049 0.18279817696341885 0.7126081300816614 0.09600792510230217 0.41412308786843616 0.8371539803512655 0.3903030783670874 0.7238478822883518 0.759785868987192 0.0 
