0.0 0.17446610679582786 0.6668868787159412 0.6337346738755287 0.5986885860204343 0.9699838950996402 0.5326186305112148 0.913453420440532 0.6422299598875805 0.1395044598416238 0.4405487096003751 0.7986131852995719 0.7573988054612445 0.2662570642663259 0.17998411960118435 0.4258479194793546 0.27555367057936986 0.3187987510941067 0.636696564147211 0.6778607501582623 0.7533041218834632 0.9645264451654093 1.0143325494988822 0.5770109981131611 0.3846590005034171 
0.17446610679582786 0.0 0.49312004069979537 0.4890215189774999 0.4351705139751049 0.8191297020035064 0.36448059914879416 0.7390797538293051 0.482137863957742 0.19923768634568298 0.273780690087884 0.6717541485004894 0.5934150318465689 0.22334766342576926 0.22843042245708334 0.3275428476512912 0.14161394204320205 0.24143426493677475 0.5512221641862115 0.5034017829042878 0.5860264859138782 0.7905005719378043 0.8400901327259209 0.41156550795803454 0.3004157049186158 
0.6668868787159412 0.49312004069979537 0.0 0.37802642288634986 0.24717540043107755 0.44172675827934377 0.15973388507915165 0.2493608180570971 0.2789708453499042 0.66279824953343 0.24160156435340818 0.45191373972481286 0.18634571211617673 0.5850651261685754 0.6467929665538443 0.4435834765224405 0.42339364774393423 0.5381975802516813 0.5427807854429747 0.047784573587600895 0.2484037226008305 0.2978128824804723 0.3483735618633727 0.2327752678981227 0.4764361117098273 
0.6337346738755287 0.4890215189774999 0.37802642288634986 0.0 0.13344438023156263 0.8172001183869773 0.4284809977403605 0.49291576852217833 0.10219844993269041 0.551579545836457 0.42984736841945365 0.8138201688126859 0.5643648436927894 0.4148846195797972 0.7142436196353591 0.6628438668816441 0.5284311205963542 0.3487674347898542 0.8402856808520047 0.3389196756204286 0.21401062534516094 0.5531852034441842 0.5822642092415489 0.155367709716883 0.6707719779244213 
0.5986885860204343 0.4351705139751049 0.24717540043107755 0.13344438023156263 0.0 0.688483454418472 0.2996573572406129 0.3978537183879215 0.05331082158232943 0.5440458004254698 0.3139036874063547 0.6806342768740966 0.43322341113805446 0.42656432151585283 0.6472529633702925 0.5521696273242848 0.4411855808701504 0.3653946695137259 0.7164534371477665 0.2114835958654019 0.157963703429744 0.4584297981521186 0.49527320236195427 0.028071895160931115 0.566197702529859 
0.9699838950996402 0.8191297020035064 0.44172675827934377 0.8172001183869773 0.688483454418472 0.0 0.4745560675129725 0.42374399807449126 0.7159491373519213 1.0158740029231181 0.5532306118301055 0.24492114970888024 0.25885997020013685 0.977886854359808 0.8729548368960863 0.5795386693758773 0.6945315452711796 0.9444144836809496 0.48684688652811214 0.4783019311359582 0.6493055309514622 0.3984779097246241 0.4285757615902355 0.674443085044582 0.6280745907626809 
0.5326186305112148 0.36448059914879416 0.15973388507915165 0.4284809977403605 0.2996573572406129 0.4745560675129725 0.0 0.4038607914028027 0.3483510758792409 0.5520807192389822 0.0922174752709589 0.39711614424600633 0.23107788143885247 0.5034357131298356 0.4926465975164595 0.28767186807563466 0.27217710397956985 0.4707951927337087 0.41927762590932466 0.1940174607247781 0.3710518154368615 0.44647376522856597 0.4987777564491784 0.27427620114174034 0.317854704631647 
0.913453420440532 0.7390797538293051 0.2493608180570971 0.49291576852217833 0.3978537183879215 0.42374399807449126 0.4038607914028027 0.0 0.396647869233421 0.8987496403203149 0.49019545731649306 0.5566711432985073 0.2779376603444828 0.8049236629868979 0.8952965796076606 0.6727933913496025 0.6723938038820546 0.7501087954885886 0.7222867399347155 0.2361984949533645 0.2831070942774597 0.06074262755098803 0.1021676357833979 0.4004224861791213 0.7109907712391851 
0.6422299598875805 0.482137863957742 0.2789708453499042 0.10219844993269041 0.05331082158232943 0.7159491373519213 0.3483510758792409 0.396647869233421 0.0 0.5800205406244126 0.3666611483747041 0.7221321226681204 0.4648813642378879 0.45565900920233954 0.6973822887181857 0.6051666345304475 0.4935781868793679 0.39205865779980076 0.7666508619119721 0.23807069989371987 0.13023126179800654 0.4573115661191524 0.4896663672175451 0.08137261302183056 0.6194858080032749 
0.1395044598416238 0.19923768634568298 0.66279824953343 0.551579545836457 0.5440458004254698 1.0158740029231181 0.5520807192389822 0.8987496403203149 0.5800205406244126 0.0 0.46500716394738706 0.8703975691795933 0.7831098850514518 0.14576345513591712 0.313783622484472 0.5156384309301039 0.337705348104832 0.2088984987286529 0.7365118351993408 0.6638919668962477 0.7020070401693612 0.9541421536698307 1.0009078313050637 0.5270282606350404 0.4814368571391896 
0.4405487096003751 0.273780690087884 0.24160156435340818 0.42984736841945365 0.3139036874063547 0.5532306118301055 0.0922174752709589 0.49019545731649306 0.3666611483747041 0.46500716394738706 0.0 0.4436538443773758 0.3196898739747379 0.42859495033998857 0.40523028865340516 0.238914850886758 0.1823362785947331 0.40373001385711943 0.4135176275001467 0.2672198137914216 0.4179913683940233 0.5353721475879752 0.587200297311194 0.28606380448391144 0.257766312176477 
0.7986131852995719 0.6717541485004894 0.45191373972481286 0.8138201688126859 0.6806342768740966 0.24492114970888024 0.39711614424600633 0.5566711432985073 0.7221321226681204 0.8703975691795933 0.4436538443773758 0.0 0.29034478459231194 0.864597271798691 0.6741153584717399 0.3784838347877067 0.5332922999904433 0.8459242293124957 0.2438295597325001 0.499011691920146 0.6980919864896792 0.5558306268071712 0.5997687748111892 0.6588568024558916 0.42525305083146964 
0.7573988054612445 0.5934150318465689 0.18634571211617673 0.5643648436927894 0.43322341113805446 0.25885997020013685 0.23107788143885247 0.2779376603444828 0.4648813642378879 0.7831098850514518 0.3196898739747379 0.29034478459231194 0.0 0.7300757796937527 0.6934303128227927 0.4290193649996756 0.4866582641981443 0.6921256524758251 0.44565594765864963 0.22770375237676152 0.4173412273257011 0.2925808372951674 0.34335287851256996 0.41753063345102265 0.4734285418181563 
0.2662570642663259 0.22334766342576926 0.5850651261685754 0.4148846195797972 0.42656432151585283 0.977886854359808 0.5034357131298356 0.8049236629868979 0.45565900920233954 0.14576345513591712 0.42859495033998857 0.864597271798691 0.7300757796937527 0.0 0.41585557270844353 0.5460464057790243 0.357370016229412 0.06619335372165495 0.7693181355351549 0.5769296805711223 0.5828045837235193 0.8630510633820028 0.9064723555671199 0.41402757705181936 0.5224737387215809 
0.17998411960118435 0.22843042245708334 0.6467929665538443 0.7142436196353591 0.6472529633702925 0.8729548368960863 0.4926465975164595 0.8952965796076606 0.6973822887181857 0.313783622484472 0.40523028865340516 0.6741153584717399 0.6934303128227927 0.41585557270844353 0.0 0.29674213550060563 0.22394347164867762 0.45360278632496553 0.4826870693869558 0.6697972444539234 0.788826845757179 0.9391196388059129 0.9913736864441515 0.6214267569539909 0.24905740145114033 
0.4258479194793546 0.3275428476512912 0.4435834765224405 0.6628438668816441 0.5521696273242848 0.5795386693758773 0.28767186807563466 0.6727933913496025 0.6051666345304475 0.5156384309301039 0.238914850886758 0.3784838347877067 0.4290193649996756 0.5460464057790243 0.29674213550060563 0.0 0.1886771462395028 0.5484422226925205 0.22374744862996837 0.4812833133607856 0.6528312926004979 0.7054020133367104 0.7582938848724115 0.5241935406162739 0.04853926503951199 
0.27555367057936986 0.14161394204320205 0.42339364774393423 0.5284311205963542 0.4411855808701504 0.6945315452711796 0.27217710397956985 0.6723938038820546 0.4935781868793679 0.337705348104832 0.1823362785947331 0.5332922999904433 0.4866582641981443 0.357370016229412 0.22394347164867762 0.1886771462395028 0.0 0.36178201682589956 0.412099341338452 0.4458626194358139 0.5730517392007908 0.7176310994538503 0.769522515299563 0.41390151603263764 0.16874141634528098 
0.3187987510941067 0.24143426493677475 0.5381975802516813 0.3487674347898542 0.3653946695137259 0.9444144836809496 0.4707951927337087 0.7501087954885886 0.39205865779980076 0.2088984987286529 0.40373001385711943 0.8459242293124957 0.6921256524758251 0.06619335372165495 0.45360278632496553 0.5484422226925205 0.36178201682589956 0.0 0.769066414992216 0.5263035375602341 0.5202640420879452 0.8089964995988365 0.8510593732162585 0.3546499756555288 0.5302556143787294 
0.636696564147211 0.5512221641862115 0.5427807854429747 0.8402856808520047 0.7164534371477665 0.48684688652811214 0.41927762590932466 0.7222867399347155 0.7666508619119721 0.7365118351993408 0.4135176275001467 0.2438295597325001 0.44565594765864963 0.7693181355351549 0.4826870693869558 0.22374744862996837 0.412099341338452 0.769066414992216 0.0 0.5888220863890977 0.7838269740689826 0.7376210657328198 0.787341712244796 0.6898871893680851 0.25516102295235793 
0.6778607501582623 0.5034017829042878 0.047784573587600895 0.3389196756204286 0.2114835958654019 0.4783019311359582 0.1940174607247781 0.2361984949533645 0.23807069989371987 0.6638919668962477 0.2672198137914216 0.499011691920146 0.22770375237676152 0.5769296805711223 0.6697972444539234 0.4812833133607856 0.4458626194358139 0.5263035375602341 0.5888220863890977 0.0 0.2006232265677253 0.2902846274427768 0.3379662550539908 0.20089494323766854 0.5117655315406522 
0.7533041218834632 0.5860264859138782 0.2484037226008305 0.21401062534516094 0.157963703429744 0.6493055309514622 0.3710518154368615 0.2831070942774597 0.13023126179800654 0.7020070401693612 0.4179913683940233 0.6980919864896792 0.4173412273257011 0.5828045837235193 0.788826845757179 0.6528312926004979 0.5730517392007908 0.5202640420879452 0.7838269740689826 0.2006232265677253 0.0 0.3423482783564664 0.3688073635969352 0.17668459664870229 0.6755486299219976 
0.9645264451654093 0.7905005719378043 0.2978128824804723 0.5531852034441842 0.4584297981521186 0.3984779097246241 0.44647376522856597 0.06074262755098803 0.4573115661191524 0.9541421536698307 0.5353721475879752 0.5558306268071712 0.2925808372951674 0.8630510633820028 0.9391196388059129 0.7054020133367104 0.7176310994538503 0.8089964995988365 0.7376210657328198 0.2902846274427768 0.3423482783564664 0.0 0.05296925040680136 0.46057589477877603 0.7456395706913184 
1.0143325494988822 0.8400901327259209 0.3483735618633727 0.5822642092415489 0.49527320236195427 0.4285757615902355 0.4987777564491784 0.1021676357833979 0.4896663672175451 1.0009078313050637 0.587200297311194 0.5997687748111892 0.34335287851256996 0.9064723555671199 0.9913736864441515 0.7582938848724115 0.769522515299563 0.8510593732162585 0.787341712244796 0.3379662550539908 0.3688073635969352 0.05296925040680136 0.0 0.4995754559970842 0.7986002516272197 
0.5770109981131611 0.41156550795803454 0.2327752678981227 0.155367709716883 0.028071895160931115 0.674443085044582 0.27427620114174034 0.4004224861791213 0.08137261302183056 0.5270282606350404 0.28606380448391144 0.6588568024558916 0.41753063345102265 0.41402757705181936 0.6214267569539909 0.5241935406162739 0.41390151603263764 0.3546499756555288 0.6898871893680851 0.20089494323766854 0.17668459664870229 0.46057589477877603 0.4995754559970842 0.0 0.5381259082066286 
0.3846590005034171 0.3004157049186158 0.4764361117098273 0.6707719779244213 0.566197702529859 0.6280745907626809 0.317854704631647 0.7109907712391851 0.6194858080032749 0.4814368571391896 0.257766312176477 0.42525305083146964 0.4734285418181563 0.5224737387215809 0.24905740145114033 0.04853926503951199 0.16874141634528098 0.5302556143787294 0.25516102295235793 0.5117655315406522 0.6755486299219976 0.7456395706913184 0.7986002516272197 0.5381259082066286 0.0 
