0.0 0.3238598385214288 0.3122018640135482 0.4176339692075105 0.18759546983999922 0.43748129653704615 0.5670255357936161 0.7667126242994953 0.09970061760693827 0.251263666650984 0.515086199720374 0.37485029999065056 0.6181775292079343 0.2846739480034115 0.31659002449457635 0.40478774272812 0.6578389432124009 0.41742428140197296 0.17796516012195146 0.20602828274687326 0.5312232343118511 0.6136070089117253 0.2703584422467099 0.717968513090867 0.5409158199636638 
0.3238598385214288 0.0 0.49476103508412556 0.3363536570166653 0.5095368631038145 0.7553780090958395 0.4039296470379096 0.9339256405735011 0.3922508419942724 0.49295323494199617 0.8373105579434089 0.6401429749267521 0.9393106518280212 0.11908556108013985 0.46718823156223793 0.4023542158511725 0.5472386808130122 0.2869508977891971 0.48547532312962693 0.303243279526339 0.48060206312153664 0.8830466542477505 0.06584921823933297 0.8175164789273286 0.7722925347506452 
0.3122018640135482 0.49476103508412556 0.0 0.7118230266343941 0.29664452950797365 0.4079573843253941 0.844767721385065 1.0418500416892247 0.22588747753774013 0.09638381142093409 0.5797237889768053 0.6108585695769129 0.6781393853755453 0.5258354823928527 0.6228323706898481 0.713168072189258 0.9546811521134637 0.6973351271447986 0.405632989447 0.515324626252449 0.836816244094618 0.8130797982284723 0.4765052376954167 1.0194256041552494 0.7884360470502402 
0.4176339692075105 0.3363536570166653 0.7118230266343941 0.0 0.5713346440702246 0.8095550768266803 0.16370122370109735 0.6582276951653532 0.5173284188597961 0.6662829268519462 0.8114273001827129 0.5131514656198448 0.8970329886873043 0.22610507916815387 0.2771824492459121 0.09997739517933035 0.24286127385217454 0.06410368553503752 0.47408071872088775 0.22237347347473882 0.14469426024879575 0.7211916848382456 0.29477367898609774 0.5071570585478958 0.5754648957132644 
0.18759546983999922 0.5095368631038145 0.29664452950797365 0.5713346440702246 0.0 0.25077188210463514 0.7302502532795672 0.7541325925312894 0.1325013121100356 0.20156510012418813 0.34109992724377663 0.31706350096592195 0.44573679082189555 0.47017151551484554 0.3861666403143636 0.5336117991556993 0.8001733306826982 0.5837743486342551 0.1283064241619601 0.3489648756212131 0.6619059593787323 0.5185143398187863 0.4578156505241784 0.7558094318087141 0.4942320055898935 
0.43748129653704615 0.7553780090958395 0.4079573843253941 0.8095550768266803 0.25077188210463514 0.0 0.9715280846818074 0.8374332713764402 0.36450721153245225 0.3279649909854701 0.19606890037881683 0.42122358693115386 0.2797387225591818 0.7209310151533121 0.5862640827138779 0.7589690530428977 1.0272382178187507 0.8280994309075407 0.3366679502932477 0.5893738399578469 0.8840502918708073 0.5163411565743183 0.706565773469351 0.894843537967699 0.5669506283330493 
0.5670255357936161 0.4039296470379096 0.844767721385065 0.16370122370109735 0.7302502532795672 0.9715280846818074 0.0 0.7544971785477992 0.6657728962708909 0.8093852680017382 0.9746586181953696 0.6709410849679366 1.0591018552196894 0.32419227839995096 0.4340551540824224 0.24282372457319804 0.15499006767815246 0.14980427255357318 0.6369958065220644 0.3824062772397897 0.18287937552102182 0.8671245568727285 0.386038298565662 0.5765837403378095 0.7153254313946438 
0.7667126242994953 0.9339256405735011 1.0418500416892247 0.6582276951653532 0.7541325925312894 0.8374332713764402 0.7544971785477992 0.0 0.8233760794207329 0.9516676912723088 0.6898039041962587 0.4396374049172951 0.7005413822164999 0.817128268867387 0.4744526466171146 0.5609001963025061 0.666684376340627 0.7219374516838998 0.6362730890892682 0.6400488733363449 0.5716192097302679 0.35986024630202695 0.8714759000097978 0.2030436067009082 0.27132145552564996 
0.09970061760693827 0.3922508419942724 0.22588747753774013 0.5173284188597961 0.1325013121100356 0.36450721153245225 0.6657728962708909 0.8233760794207329 0.0 0.15393470766615705 0.4734422733582341 0.40457949366321483 0.5780974769407132 0.3733583062372243 0.3973774621026817 0.5023891966792027 0.7574039514550036 0.5160166028872901 0.1938883045681146 0.30408755792749387 0.6295930711170267 0.6287458900681854 0.34771580812401565 0.7936830808348377 0.5798549962631536 
0.251263666650984 0.49295323494199617 0.09638381142093409 0.6662829268519462 0.20156510012418813 0.3279649909854701 0.8093852680017382 0.9516676912723088 0.15393470766615705 0.0 0.4894467767646242 0.5176152470356943 0.5898940677069299 0.5017708528787779 0.5473335824983242 0.6557808671151198 0.9079155204575585 0.6598413408988344 0.31603689273337554 0.45714518283118294 0.7824815350418151 0.7167879241845627 0.46250210038935724 0.9380720636462202 0.6951142954004075 
0.515086199720374 0.8373105579434089 0.5797237889768053 0.8114273001827129 0.34109992724377663 0.19606890037881683 0.9746586181953696 0.6898039041962587 0.4734422733582341 0.4894467767646242 0.0 0.33191812580959495 0.10465684752483927 0.7769197999704347 0.550600974184983 0.7409407991425639 1.0009288152417146 0.8439443088109929 0.35867721144313985 0.6086105880274029 0.8551953981309548 0.3431530123581159 0.7795493335988515 0.7816702100705663 0.43056486012757955 
0.37485029999065056 0.6401429749267521 0.6108585695769129 0.5131514656198448 0.31706350096592195 0.42122358693115386 0.6709410849679366 0.4396374049172951 0.40457949366321483 0.5176152470356943 0.33191812580959495 0.0 0.39809526995316374 0.5467843659451909 0.23690127902132493 0.42912573070970034 0.6774525864048262 0.5577028208077919 0.210691196701491 0.35061590221976735 0.5327720215493483 0.24404639432936262 0.5747772824472915 0.4736927170052498 0.1775818839939672 
0.6181775292079343 0.9393106518280212 0.6781393853755453 0.8970329886873043 0.44573679082189555 0.2797387225591818 1.0591018552196894 0.7005413822164999 0.5780974769407132 0.5898940677069299 0.10465684752483927 0.39809526995316374 0.0 0.8754220260153073 0.6287026498308785 0.8212271226358474 1.075207774448625 0.9331285254397899 0.4572804866335175 0.7013978962648822 0.93010971347784 0.3412619789368447 0.8806429293951913 0.8163041687894117 0.4604275322033929 
0.2846739480034115 0.11908556108013985 0.5258354823928527 0.22610507916815387 0.47017151551484554 0.7209310151533121 0.32419227839995096 0.817128268867387 0.3733583062372243 0.5017708528787779 0.7769197999704347 0.5467843659451909 0.8754220260153073 0.0 0.35576350789213146 0.2842809708289562 0.4536159992748923 0.18669011604347657 0.4183894610070335 0.198257883044234 0.3705860926239875 0.7860280031517412 0.0686691710217293 0.6984345139673194 0.6665299085054167 
0.31659002449457635 0.46718823156223793 0.6228323706898481 0.2771824492459121 0.3861666403143636 0.5862640827138779 0.4340551540824224 0.4744526466171146 0.3973774621026817 0.5473335824983242 0.550600974184983 0.23690127902132493 0.6287026498308785 0.35576350789213146 0.0 0.1928937068479234 0.4508169880323788 0.3254751677956765 0.2613354908455151 0.16643814838891416 0.3050884196998489 0.4493353867381296 0.40260657116438225 0.4018124329750406 0.3146610001751017 
0.40478774272812 0.4023542158511725 0.713168072189258 0.09997739517933035 0.5336117991556993 0.7589690530428977 0.24282372457319804 0.5609001963025061 0.5023891966792027 0.6557808671151198 0.7409407991425639 0.42912573070970034 0.8212271226358474 0.2842809708289562 0.1928937068479234 0.0 0.26836406182449 0.16197427377419576 0.422931285659204 0.1987734208539818 0.12864046136920357 0.6266314955375226 0.35017588980803155 0.4192899704831638 0.4781457701780686 
0.6578389432124009 0.5472386808130122 0.9546811521134637 0.24286127385217454 0.8001733306826982 1.0272382178187507 0.15499006767815246 0.666684376340627 0.7574039514550036 0.9079155204575585 1.0009288152417146 0.6774525864048262 1.075207774448625 0.4536159992748923 0.4508169880323788 0.26836406182449 0.0 0.26698573117210483 0.6912929514882955 0.45587735523510375 0.14575968112953697 0.8401196368427142 0.5201076662506797 0.47286075547225226 0.6822760006406468 
0.41742428140197296 0.2869508977891971 0.6973351271447986 0.06410368553503752 0.5837743486342551 0.8280994309075407 0.14980427255357318 0.7219374516838998 0.5160166028872901 0.6598413408988344 0.8439443088109929 0.5577028208077919 0.9331285254397899 0.18669011604347657 0.3254751677956765 0.16197427377419576 0.26698573117210483 0.0 0.49690193806700816 0.23963555088584937 0.19741456536889565 0.7736896287316144 0.2537769619530559 0.5708570412125056 0.6313331112816151 
0.17796516012195146 0.48547532312962693 0.405632989447 0.47408071872088775 0.1283064241619601 0.3366679502932477 0.6369958065220644 0.6362730890892682 0.1938883045681146 0.31603689273337554 0.35867721144313985 0.210691196701491 0.4572804866335175 0.4183894610070335 0.2613354908455151 0.422931285659204 0.6912929514882955 0.49690193806700816 0.0 0.2573660531141461 0.5492218695963271 0.43994600218026353 0.4248108589433233 0.6282981928943975 0.38647506991189073 
0.20602828274687326 0.303243279526339 0.515324626252449 0.22237347347473882 0.3489648756212131 0.5893738399578469 0.3824062772397897 0.6400488733363449 0.30408755792749387 0.45714518283118294 0.6086105880274029 0.35061590221976735 0.7013978962648822 0.198257883044234 0.16643814838891416 0.1987734208539818 0.45587735523510375 0.23963555088584937 0.2573660531141461 0.0 0.3255057673560712 0.5880111034169376 0.23786556976806567 0.5503232694129242 0.4697221680198082 
0.5312232343118511 0.48060206312153664 0.836816244094618 0.14469426024879575 0.6619059593787323 0.8840502918708073 0.18287937552102182 0.5716192097302679 0.6295930711170267 0.7824815350418151 0.8551953981309548 0.5327720215493483 0.93010971347784 0.3705860926239875 0.3050884196998489 0.12864046136920357 0.14575968112953697 0.19741456536889565 0.5492218695963271 0.3255057673560712 0.0 0.7049500060374807 0.43924063598534785 0.39650764873579525 0.5489012131025689 
0.6136070089117253 0.8830466542477505 0.8130797982284723 0.7211916848382456 0.5185143398187863 0.5163411565743183 0.8671245568727285 0.35986024630202695 0.6287458900681854 0.7167879241845627 0.3431530123581159 0.24404639432936262 0.3412619789368447 0.7860280031517412 0.4493353867381296 0.6266314955375226 0.8401196368427142 0.7736896287316144 0.43994600218026353 0.5880111034169376 0.7049500060374807 0.0 0.8174452770866144 0.4947723847216942 0.15857651197175943 
0.2703584422467099 0.06584921823933297 0.4765052376954167 0.29477367898609774 0.4578156505241784 0.706565773469351 0.386038298565662 0.8714759000097978 0.34771580812401565 0.46250210038935724 0.7795493335988515 0.5747772824472915 0.8806429293951913 0.0686691710217293 0.40260657116438225 0.35017588980803155 0.5201076662506797 0.2537769619530559 0.4248108589433233 0.23786556976806567 0.43924063598534785 0.8174452770866144 0.0 0.7604529843542477 0.706548404538948 
0.717968513090867 0.8175164789273286 1.0194256041552494 0.5071570585478958 0.7558094318087141 0.894843537967699 0.5765837403378095 0.2030436067009082 0.7936830808348377 0.9380720636462202 0.7816702100705663 0.4736927170052498 0.8163041687894117 0.6984345139673194 0.4018124329750406 0.4192899704831638 0.47286075547225226 0.5708570412125056 0.6282981928943975 0.5503232694129242 0.39650764873579525 0.4947723847216942 0.7604529843542477 0.0 0.35587848755784973 
0.5409158199636638 0.7722925347506452 0.7884360470502402 0.5754648957132644 0.4942320055898935 0.5669506283330493 0.7153254313946438 0.27132145552564996 0.5798549962631536 0.6951142954004075 0.43056486012757955 0.1775818839939672 0.4604275322033929 0.6665299085054167 0.3146610001751017 0.4781457701780686 0.6822760006406468 0.6313331112816151 0.38647506991189073 0.4697221680198082 0.5489012131025689 0.15857651197175943 0.706548404538948 0.35587848755784973 0.0 
