0.0 0.2645043618337237 0.7895668347802145 0.40455160956097297 0.2640602167075529 0.10500384065086184 0.6365135333828407 0.6565156312005987 0.12369524968708809 1.1239183377444277 0.4527576879458979 0.44939555154674593 0.27979957440065384 0.44238060760960773 0.7648041514407803 0.19253937642821278 0.49553616977678644 0.6794285796963332 0.7026029548301305 0.47064553478747384 
0.2645043618337237 0.0 0.606384875920275 0.25807154253295655 0.1246860215605319 0.26169619618921963 0.37302962355059927 0.3999033688414209 0.33101380222844456 0.8617753928508782 0.2726081856101898 0.1871838713239991 0.025921496211145957 0.3884731451421163 0.5445885281354184 0.18231505282706487 0.28705462798178444 0.46061267491485813 0.44386060457711135 0.3257465211036017 
0.7895668347802145 0.606384875920275 0.0 0.3850157929627777 0.5333810045679627 0.7100568821295805 0.4520481528421866 0.3715300724709924 0.7627172094244624 0.6184709161912413 0.3419492691987084 0.48623335869920054 0.6160207784499268 0.4133016906149992 0.1522543301000972 0.5979219953965409 0.7419446463536841 0.18325717090113747 0.38641533203758976 0.3206427974992635 
0.40455160956097297 0.25807154253295655 0.3850157929627777 0.0 0.15479160332287553 0.3286448183880902 0.3823103165592152 0.3533415871012297 0.38714368927475645 0.8097105154215528 0.06379186888090747 0.2522308101887102 0.2768958506633089 0.16537623410310848 0.37577428268694185 0.21333600211051626 0.4955850313313494 0.29397539877639534 0.4014230197902485 0.07040619828626 
0.2640602167075529 0.1246860215605319 0.5333810045679627 0.15479160332287553 0.0 0.21186855319498465 0.40799098422796537 0.4100393390433123 0.28068966303561843 0.8816209649399867 0.1919296202722663 0.22871354438810587 0.14929694015577077 0.2650781482599514 0.5007529650068435 0.09588509771975272 0.4041461007656293 0.415368362995638 0.45835454963744116 0.22516570413567513 
0.10500384065086184 0.26169619618921963 0.7100568821295805 0.3286448183880902 0.21186855319498465 0.0 0.6143347083625881 0.6214439159899214 0.0707040686064622 1.0929812508696055 0.3840443749187746 0.4289895286762495 0.28377335603829407 0.3429027394109061 0.7008966724004723 0.11978353679175384 0.5311550583853372 0.616738757377658 0.6694966044213484 0.3894539584858122 
0.6365135333828407 0.37302962355059927 0.4520481528421866 0.3823103165592152 0.40799098422796537 0.6143347083625881 0.0 0.08180678401864358 0.6848301711707073 0.4892197902147455 0.32751697335337837 0.18735264672533775 0.3618558215917427 0.5407095077122999 0.31527767801075113 0.5036782243669469 0.33221188899727006 0.27056682168510804 0.09321637563502937 0.39337445558654943 
0.6565156312005987 0.3999033688414209 0.3715300724709924 0.3533415871012297 0.4100393390433123 0.6214439159899214 0.08180678401864358 0.0 0.690710173626716 0.47158890786044744 0.2926660951461098 0.21485932429338322 0.39360819259192187 0.5014097163695388 0.2334859011361834 0.5052795035270646 0.4056711900988207 0.19192220316995676 0.048986543473403116 0.35043987672879773 
0.12369524968708809 0.33101380222844456 0.7627172094244624 0.38714368927475645 0.28068966303561843 0.0707040686064622 0.6848301711707073 0.690710173626716 0.0 1.162298498510851 0.44536233659491076 0.49967006651022816 0.35237079358604756 0.377331589397264 0.7621602147043011 0.1863040235654616 0.5944826358608538 0.6788689303516331 0.7389455010082157 0.44366012078080275 
1.1239183377444277 0.8617753928508782 0.6184709161912413 0.8097105154215528 0.8816209649399867 1.0929812508696055 0.4892197902147455 0.47158890786044744 1.162298498510851 0.0 0.7460518434500627 0.6749121536387265 0.8510745078203984 0.9345946746929781 0.4927609554550109 0.9767392672051501 0.7644819924150216 0.5432217932516848 0.4235188938060108 0.7874130860841708 
0.4527576879458979 0.2726081856101898 0.3419492691987084 0.06379186888090747 0.1919296202722663 0.3840443749187746 0.32751697335337837 0.2926660951461098 0.44536233659491076 0.7460518434500627 0.0 0.22016909676295748 0.2868858689947734 0.21325470254525541 0.3169891127722968 0.26573588968540574 0.47787522578835384 0.23354820934470147 0.3401666724227563 0.07291074168874545 
0.44939555154674593 0.1871838713239991 0.48623335869920054 0.2522308101887102 0.22871354438810587 0.4289895286762495 0.18735264672533775 0.21485932429338322 0.49967006651022816 0.6749121536387265 0.22016909676295748 0.0 0.17900514819717214 0.4172082593428141 0.39149996798414793 0.32249553298690836 0.26477230721492273 0.31484837232834123 0.2572448777979614 0.2928539749227929 
0.27979957440065384 0.025921496211145957 0.6160207784499268 0.2768958506633089 0.14929694015577077 0.28377335603829407 0.3618558215917427 0.39360819259192187 0.35237079358604756 0.8510745078203984 0.2868858689947734 0.17900514819717214 0.0 0.4117589045118232 0.5482543115427428 0.20793402934632907 0.2612001871584162 0.46520778374873856 0.4361957922358547 0.34324130305618783 
0.44238060760960773 0.3884731451421163 0.4133016906149992 0.16537623410310848 0.2650781482599514 0.3429027394109061 0.5407095077122999 0.5014097163695388 0.377331589397264 0.9345946746929781 0.21325470254525541 0.4172082593428141 0.4117589045118232 0.0 0.46140755636528913 0.26442558610244765 0.6517969904242956 0.393914912799256 0.5471938064200148 0.15133404894065722 
0.7648041514407803 0.5445885281354184 0.1522543301000972 0.37577428268694185 0.5007529650068435 0.7008966724004723 0.31527767801075113 0.2334859011361834 0.7621602147043011 0.4927609554550109 0.3169891127722968 0.39149996798414793 0.5482543115427428 0.46140755636528913 0.0 0.5820257910283472 0.6281122593078051 0.08551151272385679 0.23990838855448524 0.329492729816069 
0.19253937642821278 0.18231505282706487 0.5979219953965409 0.21333600211051626 0.09588509771975272 0.11978353679175384 0.5036782243669469 0.5052795035270646 0.1863040235654616 0.9767392672051501 0.26573588968540574 0.32249553298690836 0.20793402934632907 0.26442558610244765 0.5820257910283472 0.0 0.4688689875986256 0.49754925217435036 0.5537581046310667 0.27824730854545143 
0.49553616977678644 0.28705462798178444 0.7419446463536841 0.4955850313313494 0.4041461007656293 0.5311550583853372 0.33221188899727006 0.4056711900988207 0.5944826358608538 0.7644819924150216 0.47787522578835384 0.26477230721492273 0.2612001871584162 0.6517969904242956 0.6281122593078051 0.4688689875986256 0.0 0.5623295659244059 0.42535339898816416 0.5483443887533546 
0.6794285796963332 0.46061267491485813 0.18325717090113747 0.29397539877639534 0.415368362995638 0.616738757377658 0.27056682168510804 0.19192220316995676 0.6788689303516331 0.5432217932516848 0.23354820934470147 0.31484837232834123 0.46520778374873856 0.393914912799256 0.08551151272385679 0.49754925217435036 0.5623295659244059 0.0 0.21507872005414141 0.2534371057555673 
0.7026029548301305 0.44386060457711135 0.38641533203758976 0.4014230197902485 0.45835454963744116 0.6694966044213484 0.09321637563502937 0.048986543473403116 0.7389455010082157 0.4235188938060108 0.3401666724227563 0.2572448777979614 0.4361957922358547 0.5471938064200148 0.23990838855448524 0.5537581046310667 0.42535339898816416 0.21507872005414141 0.0 0.39592373121716823 
0.47064553478747384 0.3257465211036017 0.3206427974992635 0.07040619828626 0.22516570413567513 0.3894539584858122 0.39337445558654943 0.35043987672879773 0.44366012078080275 0.7874130860841708 0.07291074168874545 0.2928539749227929 0.34324130305618783 0.15133404894065722 0.329492729816069 0.27824730854545143 0.5483443887533546 0.2534371057555673 0.39592373121716823 0.0 
