0.0 0.3566356759252657 0.42804497821783294 0.1659745259597242 0.5834420358533903 0.8099784233035114 0.2615495785959991 0.5450203824384213 0.8515893974543874 0.5444598207383947 0.5524856229861741 0.30634036608458914 0.3823286557379182 0.22278137544927387 0.5697315966608717 0.7115904965797085 0.49286494277495774 0.30317801672235406 0.09277379799327008 0.24698839151956917 
0.3566356759252657 0.0 0.20540998281679756 0.2663095312564327 0.8304740672188146 1.1529016975926416 0.5259278410160169 0.8113078442383664 1.1917993924114687 0.7509286527296412 0.6218483476898431 0.6227591358009282 0.5530550737478714 0.27269019103202896 0.915028036583494 0.7881214999372618 0.8172046187403268 0.1127825863408281 0.4491165101660337 0.59295528046979 
0.42804497821783294 0.20540998281679756 0.0 0.27286511747852993 0.9795916302287877 1.2342274473726242 0.49059270370996155 0.7409308586825017 1.277008524148973 0.9138934938009984 0.8152735063346931 0.7306649075465509 0.7203631445336595 0.44097832099573453 0.9168174313769204 0.9835826404174833 0.7955265717318069 0.1431984027937464 0.507882032485777 0.6739973553827682 
0.1659745259597242 0.2663095312564327 0.27286511747852993 0.0 0.7461898740275117 0.9620946536953062 0.2596389734128135 0.5474103253253377 1.005311086349964 0.6994439095607397 0.6681033518418041 0.47195449990101856 0.5228985488563926 0.2886839033821585 0.6609820350146797 0.8346168504254425 0.5541812459966081 0.17390432063095715 0.23650223531909292 0.40500724346746625 
0.5834420358533903 0.8304740672188146 0.9795916302287877 0.7461898740275117 0.0 0.5082105927926436 0.7553754124979061 0.9287982905336862 0.5214305800505749 0.11560557271688533 0.37954857680870774 0.305517863238718 0.28913919308191555 0.5580808742624151 0.7115680759206139 0.39446916986262015 0.7629070568693204 0.837755526674389 0.547379878717822 0.4094525580355735 
0.8099784233035114 1.1529016975926416 1.2342274473726242 0.9620946536953062 0.5082105927926436 0.0 0.821902417392214 0.825631893180511 0.048034633680202124 0.618335884744548 0.8766806948196596 0.5357659913718227 0.7288727956277431 0.9139610856091975 0.49890139774187336 0.9010971114565174 0.6316425037390544 1.1130558978034268 0.7263632011990001 0.5634280766234869 
0.2615495785959991 0.5259278410160169 0.49059270370996155 0.2596389734128135 0.7553754124979061 0.821902417392214 0.0 0.2930089604707284 0.8688805962635106 0.7479414862633171 0.8042342163752023 0.44987561958661487 0.6189566266520373 0.4805280217259355 0.4304637315700238 0.9559993974257063 0.30498575382425047 0.42824545966212657 0.22832374916834877 0.3476709036923706 
0.5450203824384213 0.8113078442383664 0.7409308586825017 0.5474103253253377 0.9287982905336862 0.825631893180511 0.2930089604707284 0.0 0.8732131093645078 0.9520545196742155 1.0592609850032126 0.6401001158636521 0.8624152215767107 0.7675635562672343 0.33185408640153646 1.1975260237197447 0.19484226548893904 0.7071162620596915 0.4876806927092247 0.5367491698999326 
0.8515893974543874 1.1917993924114687 1.277008524148973 1.005311086349964 0.5214305800505749 0.048034633680202124 0.8688805962635106 0.8732131093645078 0.0 0.6340328680507856 0.8951781020847012 0.5719903920534272 0.7547688345984794 0.94912389213549 0.5457610738372943 0.9109930536383903 0.679375920757612 1.1543771782505148 0.769177306941696 0.6046760616743029 
0.5444598207383947 0.7509286527296412 0.9138934938009984 0.6994439095607397 0.11560557271688533 0.618335884744548 0.7479414862633171 0.9520545196742155 0.6340328680507856 0.0 0.2639845507460123 0.3120379707869113 0.19808013350840775 0.4792275982008381 0.7691009295968789 0.29547358613477775 0.8008242120135984 0.7707570648532726 0.5263971903471176 0.41666017980110975 
0.5524856229861741 0.6218483476898431 0.8152735063346931 0.6681033518418041 0.37954857680870774 0.8766806948196596 0.8042342163752023 1.0592609850032126 0.8951781020847012 0.2639845507460123 0.0 0.4603118909706853 0.20160295891592367 0.38673447870194944 0.94709793808088 0.16920143842607246 0.9430448703739001 0.677783764769797 0.5785931105420877 0.542506109040668 
0.30634036608458914 0.6227591358009282 0.7306649075465509 0.47195449990101856 0.305517863238718 0.5357659913718227 0.44987561958661487 0.6401001158636521 0.5719903920534272 0.3120379707869113 0.4603118909706853 0.0 0.2616605151839656 0.37850275365617575 0.48684735866475 0.5716609606519972 0.4952562929815726 0.5974211806668941 0.25001266506143593 0.10568908565117244 
0.3823286557379182 0.5530550737478714 0.7203631445336595 0.5228985488563926 0.28913919308191555 0.7288727956277431 0.6189566266520373 0.8624152215767107 0.7547688345984794 0.19808013350840775 0.20160295891592367 0.2616605151839656 0.0 0.2821689066614245 0.7472450584444811 0.33769910471171904 0.7416411955178263 0.5772206353398079 0.3906867688102818 0.3409061351489296 
0.22278137544927387 0.27269019103202896 0.44097832099573453 0.2886839033821585 0.5580808742624151 0.9139610856091975 0.4805280217259355 0.7675635562672343 0.94912389213549 0.4792275982008381 0.38673447870194944 0.37850275365617575 0.2821689066614245 0.0 0.7686962504152807 0.5556258333812496 0.7083264503140525 0.29873818280640346 0.295975690953821 0.3808080946072149 
0.5697315966608717 0.915028036583494 0.9168174313769204 0.6609820350146797 0.7115680759206139 0.49890139774187336 0.4304637315700238 0.33185408640153646 0.5457610738372943 0.7691009295968789 0.94709793808088 0.48684735866475 0.7472450584444811 0.7686962504152807 0.0 1.0517872381532778 0.1477773778211001 0.8346500338996233 0.47993612244630013 0.4138255374457655 
0.7115904965797085 0.7881214999372618 0.9835826404174833 0.8346168504254425 0.39446916986262015 0.9010971114565174 0.9559993974257063 1.1975260237197447 0.9109930536383903 0.29547358613477775 0.16920143842607246 0.5716609606519972 0.33769910471171904 0.5556258333812496 1.0517872381532778 0.0 1.0661635375616683 0.8467493098768027 0.7279741364713008 0.6663384897029422 
0.49286494277495774 0.8172046187403268 0.7955265717318069 0.5541812459966081 0.7629070568693204 0.6316425037390544 0.30498575382425047 0.19484226548893904 0.679375920757612 0.8008242120135984 0.9430448703739001 0.4952562929815726 0.7416411955178263 0.7083264503140525 0.1477773778211001 1.0661635375616683 0.0 0.7272798513648913 0.4123714056221665 0.40132548225651304 
0.30317801672235406 0.1127825863408281 0.1431984027937464 0.17390432063095715 0.837755526674389 1.1130558978034268 0.42824545966212657 0.7071162620596915 1.1543771782505148 0.7707570648532726 0.677783764769797 0.5974211806668941 0.5772206353398079 0.29873818280640346 0.8346500338996233 0.8467493098768027 0.7272798513648913 0.0 0.39051533805131017 0.5497324486799353 
0.09277379799327008 0.4491165101660337 0.507882032485777 0.23650223531909292 0.547379878717822 0.7263632011990001 0.22832374916834877 0.4876806927092247 0.769177306941696 0.5263971903471176 0.5785931105420877 0.25001266506143593 0.3906867688102818 0.295975690953821 0.47993612244630013 0.7279741364713008 0.4123714056221665 0.39051533805131017 0.0 0.16970073981378994 
0.24698839151956917 0.59295528046979 0.6739973553827682 0.40500724346746625 0.4094525580355735 0.5634280766234869 0.3476709036923706 0.5367491698999326 0.6046760616743029 0.41666017980110975 0.542506109040668 0.10568908565117244 0.3409061351489296 0.3808080946072149 0.4138255374457655 0.6663384897029422 0.40132548225651304 0.5497324486799353 0.16970073981378994 0.0 
