0.0 0.4846086164141212 0.44834802533829404 0.2606100727403263 0.2721581303088676 0.5145456746530304 0.16050975933210812 0.7241382647117978 0.22302695126054284 0.30733882531467505 0.20032824202145652 0.33499030778984806 0.3905843943661067 0.4584315008089262 0.7952335974888655 0.4986367866314472 0.358566665049858 0.867011397128498 0.41545111288196 0.7437638230864783 
0.4846086164141212 0.0 0.19745268858032416 0.39458057699039867 0.3500499155853409 0.9582222134930257 0.3589938570107673 1.186118365176154 0.280214429358019 0.7848696933608251 0.5101164225289242 0.3138296901675847 0.8703944341368212 0.9002774356421767 1.2423924352206084 0.9166893113094642 0.8422286564791437 1.3155568468143266 0.8924611763846357 0.8326308681612019 
0.44834802533829404 0.19745268858032416 0.0 0.2593960715951528 0.21740822224507905 0.8469455027152588 0.29032379487491256 1.082008155817108 0.22811635337099695 0.7537743488696445 0.39462465615018305 0.15650666337071437 0.8343901510793605 0.7904470721000614 1.1249690571906146 0.9348702672321234 0.7965061554000546 1.1976628940605238 0.8143802539889771 0.6362922339997654 
0.2606100727403263 0.39458057699039867 0.2593960715951528 0.0 0.04491291670882808 0.5875500347077478 0.12748190120010686 0.8227093610763633 0.15681375644532886 0.5361593277415574 0.13705123052077578 0.10479223464033086 0.6091065365890304 0.5310897742211556 0.8662755656512486 0.755508614177218 0.5651096481640548 0.9391193055145229 0.5629668984692817 0.5281968371945491 
0.2721581303088676 0.3500499155853409 0.21740822224507905 0.04491291670882808 0.0 0.6302318057968863 0.12113001482719725 0.8648545460800683 0.1268648461122468 0.5607150794028793 0.17721793824238452 0.06813806475930459 0.6363914284150193 0.5734594275807797 0.9098927770706244 0.7706088655586073 0.5942480158463128 0.9828110631267082 0.5998156213364085 0.5528631290789546 
0.5145456746530304 0.9582222134930257 0.8469455027152588 0.5875500347077478 0.6302318057968863 0.0 0.6001299638194626 0.2363442893804808 0.6785730146480153 0.3877022259916205 0.4542016687389875 0.6913389713696817 0.3648497784265878 0.057989604347375295 0.28469632747030976 0.6192820152306114 0.32284800150080367 0.3577289978176089 0.17523646444295116 0.6999482092982334 
0.16050975933210812 0.3589938570107673 0.29032379487491256 0.12748190120010686 0.12113001482719725 0.6001299638194626 0.0 0.8271263528365695 0.07878384040562476 0.4635368014469833 0.16626946033042186 0.17738274660220596 0.5441478645721365 0.5421410333005996 0.8847031563034908 0.6571975449345339 0.5071650941314255 0.9578071721093419 0.5377545288030804 0.653043154003598 
0.7241382647117978 1.186118365176154 1.082008155817108 0.8227093610763633 0.8648545460800683 0.2363442893804808 0.8271263528365695 0.0 0.905909100530111 0.5196012302071551 0.6880334944899302 0.9268734761764434 0.46052493121014765 0.2916992814096492 0.10660883436093609 0.6845720825203516 0.4416911881863254 0.15883316042487802 0.317393383811169 0.8926207616614918 
0.22302695126054284 0.280214429358019 0.22811635337099695 0.15681375644532886 0.1268648461122468 0.6785730146480153 0.07878384040562476 0.905909100530111 0.0 0.5302986802721937 0.23767003523101204 0.15449839870367627 0.6129564097664558 0.62059157977233 0.9630461094549674 0.7072755709107382 0.5785370823678713 1.0361747170089832 0.6152964196830851 0.6797216825143926 
0.30733882531467505 0.7848696933608251 0.7537743488696445 0.5361593277415574 0.5607150794028793 0.3877022259916205 0.4635368014469833 0.5196012302071551 0.5302986802721937 0.0 0.4205840837355638 0.6279609403039051 0.08613337022678202 0.35348745330343123 0.6144871190936314 0.2630931885369308 0.07833073954595794 0.6775337217509746 0.21778072322957684 0.9101521868960385 
0.20032824202145652 0.5101164225289242 0.39462465615018305 0.13705123052077578 0.17721793824238452 0.4542016687389875 0.16626946033042186 0.6880334944899302 0.23767003523101204 0.4205840837355638 0.0 0.24175681509202068 0.48678734504054083 0.39703263782320397 0.7357916185677943 0.6590364043341724 0.43963766536887133 0.8088934827500229 0.4267930824138006 0.5438613116161191 
0.33499030778984806 0.3138296901675847 0.15650666337071437 0.10479223464033086 0.06813806475930459 0.6913389713696817 0.17738274660220596 0.9268734761764434 0.15449839870367627 0.6279609403039051 0.24175681509202068 0.0 0.7042054168623625 0.6351810157193883 0.9685681879668346 0.8334557244254938 0.6623132599387849 1.041221420563127 0.6667325405408512 0.5454076085458253 
0.3905843943661067 0.8703944341368212 0.8343901510793605 0.6091065365890304 0.6363914284150193 0.3648497784265878 0.5441478645721365 0.46052493121014765 0.6129564097664558 0.08613337022678202 0.48678734504054083 0.7042054168623625 0.0 0.34242164704519207 0.5605967106940917 0.254952312061532 0.0535907498288435 0.6193555943017967 0.18985070813205365 0.9491643433200213 
0.4584315008089262 0.9002774356421767 0.7904470721000614 0.5310897742211556 0.5734594275807797 0.057989604347375295 0.5421410333005996 0.2916992814096492 0.62059157977233 0.35348745330343123 0.39703263782320397 0.6351810157193883 0.34242164704519207 0.0 0.3426625875647059 0.5970342877103658 0.29568616259837355 0.415711463031323 0.15544661467953874 0.6728137817146577 
0.7952335974888655 1.2423924352206084 1.1249690571906146 0.8662755656512486 0.9098927770706244 0.28469632747030976 0.8847031563034908 0.10660883436093609 0.9630461094549674 0.6144871190936314 0.7357916185677943 0.9685681879668346 0.5605967106940917 0.3426625875647059 0.0 0.7898052393069909 0.5376307390607086 0.0731734360164474 0.4038386073287157 0.8715062826226202 
0.4986367866314472 0.9166893113094642 0.9348702672321234 0.755508614177218 0.7706088655586073 0.6192820152306114 0.6571975449345339 0.6845720825203516 0.7072755709107382 0.2630931885369308 0.6590364043341724 0.8334557244254938 0.254952312061532 0.5970342877103658 0.7898052393069909 0.0 0.30218025767360396 0.8401890147434131 0.4446744630720268 1.170346599173901 
0.358566665049858 0.8422286564791437 0.7965061554000546 0.5651096481640548 0.5942480158463128 0.32284800150080367 0.5071650941314255 0.4416911881863254 0.5785370823678713 0.07833073954595794 0.43963766536887133 0.6623132599387849 0.0535907498288435 0.29568616259837355 0.5376307390607086 0.30218025767360396 0.0 0.5998830731528845 0.14828773510545198 0.8956287236343259 
0.867011397128498 1.3155568468143266 1.1976628940605238 0.9391193055145229 0.9828110631267082 0.3577289978176089 0.9578071721093419 0.15883316042487802 1.0361747170089832 0.6775337217509746 0.8088934827500229 1.041221420563127 0.6193555943017967 0.415711463031323 0.0731734360164474 0.8401890147434131 0.5998830731528845 0.0 0.47078160542437175 0.9279309438385737 
0.41545111288196 0.8924611763846357 0.8143802539889771 0.5629668984692817 0.5998156213364085 0.17523646444295116 0.5377545288030804 0.317393383811169 0.6152964196830851 0.21778072322957684 0.4267930824138006 0.6667325405408512 0.18985070813205365 0.15544661467953874 0.4038386073287157 0.4446744630720268 0.14828773510545198 0.47078160542437175 0.0 0.8039134456216506 
0.7437638230864783 0.8326308681612019 0.6362922339997654 0.5281968371945491 0.5528631290789546 0.6999482092982334 0.653043154003598 0.8926207616614918 0.6797216825143926 0.9101521868960385 0.5438613116161191 0.5454076085458253 0.9491643433200213 0.6728137817146577 0.8715062826226202 1.170346599173901 0.8956287236343259 0.9279309438385737 0.8039134456216506 0.0 
