0.0 0.6070273107652998 0.11324914644595298 0.266464844126005 0.5793845616523801 0.7458428962870692 0.5620862142217933 0.8571870164892832 0.1388394891540947 0.188240903014101 0.15644583776093002 0.5351497237784426 0.5405754632239528 0.2652227423707351 0.5054423615299656 0.7204032450779354 0.8350155170782171 0.15860188606519351 0.7865165384919705 0.3746693229132733 
0.6070273107652998 0.0 0.6999083531857422 0.8499381838498918 0.0659340928758629 0.5865717803609868 0.502598307002908 0.7850927611211269 0.5264103526454592 0.4306404062184431 0.7628337059243371 0.5081712088005959 0.0722285129931727 0.35034513192936734 0.2616625153438535 0.72723140615346 0.9413931142712304 0.5058636635628972 0.8336703938723484 0.31338113247913296 
0.11324914644595298 0.6999083531857422 0.0 0.2451810545613164 0.665948204592991 0.8568468068684396 0.6729547957009179 0.9615658927190963 0.18397201285581044 0.2697455596914275 0.108010083498247 0.6454045273933144 0.6307913481865893 0.3502868810090944 0.5659326065081619 0.8221629480360175 0.9223546135634646 0.20704485476891313 0.8823449740565393 0.4373803169199862 
0.266464844126005 0.8499381838498918 0.2451810545613164 0.0 0.8309252110891798 0.8380285191139211 0.6634896692782776 0.8926746895508655 0.3997846914603016 0.45231252689163187 0.13728380449653807 0.6325314997828299 0.7885164536222705 0.5251298628120254 0.7715097302331991 0.7468698516177081 0.7904133490082685 0.42152011857114263 0.7798680009152162 0.6408370935293882 
0.5793845616523801 0.0659340928758629 0.665948204592991 0.8309252110891798 0.0 0.6382686854380641 0.5407533161788926 0.8346314092692386 0.4874981714710078 0.3964985057676478 0.7358303874634929 0.5430875801047012 0.048360324132302145 0.3161761927278421 0.19642084343005148 0.7686981501555481 0.9790156831950243 0.4659380361706382 0.8743014358990929 0.2593953213576872 
0.7458428962870692 0.5865717803609868 0.8568468068684396 0.8380285191139211 0.6382686854380641 0.0 0.18389581328961516 0.20077865696445296 0.7799009879712302 0.694854152062154 0.8435157137124304 0.21216799053422405 0.6021363610645405 0.6598968027300308 0.7873114445671614 0.2016353479626243 0.414089628427882 0.774436708097352 0.29610974749822605 0.7466677569041635 
0.5620862142217933 0.502598307002908 0.6729547957009179 0.6634896692782776 0.5407533161788926 0.18389581328961516 0.0 0.325525948999385 0.6012922626711426 0.5210276666587755 0.6613218575280005 0.03113872695019696 0.4973215241246624 0.4950883516288318 0.6579322917625151 0.22988235942158655 0.43890337586889216 0.5973789208116486 0.33403586523113865 0.5966291858870261 
0.8571870164892832 0.7850927611211269 0.9615658927190963 0.8926746895508655 0.8346314092692386 0.20077865696445296 0.325525948999385 0.0 0.9163171848157886 0.84237868185087 0.9274059049578368 0.34191118546783517 0.7964901297599781 0.8203282197709771 0.9739904678735125 0.14584118374561555 0.2611966530206839 0.9147950852841071 0.16069111739424222 0.9208684153859862 
0.1388394891540947 0.5264103526454592 0.18397201285581044 0.3997846914603016 0.4874981714710078 0.7799009879712302 0.6012922626711426 0.9163171848157886 0.0 0.10165787249564005 0.27466433427211845 0.5787020440939888 0.4555080774135194 0.17766498321134633 0.38256855546268326 0.7887034320529723 0.9282903627181558 0.023128731431054195 0.8665369444882707 0.2534616329976119 
0.188240903014101 0.4306404062184431 0.2697455596914275 0.45231252689163187 0.3964985057676478 0.694854152062154 0.5210276666587755 0.84237868185087 0.10165787249564005 0.0 0.3430381224309506 0.5010864434295793 0.3610995551964541 0.08054218195440994 0.3201602639886778 0.7216175572709679 0.8776665598004683 0.08665578210856108 0.8063602277556999 0.19044493555872966 
0.15644583776093002 0.7628337059243371 0.108010083498247 0.13728380449653807 0.7358303874634929 0.8435157137124304 0.6613218575280005 0.9274059049578368 0.27466433427211845 0.3430381224309506 0.0 0.6317666388260644 0.696857248824065 0.4212657684295891 0.655116539253861 0.7839549855312071 0.8612309486255353 0.29741722019963895 0.8332180056338232 0.5246410390283746 
0.5351497237784426 0.5081712088005959 0.6454045273933144 0.6325314997828299 0.5430875801047012 0.21216799053422405 0.03113872695019696 0.34191118546783517 0.5787020440939888 0.5010864434295793 0.6317666388260644 0.0 0.49846108711382475 0.47905917562280664 0.6518851227038286 0.23530547694763873 0.4363004412161388 0.5756387541105128 0.33617743113453236 0.5851074198853995 
0.5405754632239528 0.0722285129931727 0.6307913481865893 0.7885164536222705 0.048360324132302145 0.6021363610645405 0.4973215241246624 0.7964901297599781 0.4555080774135194 0.3610995551964541 0.696857248824065 0.49846108711382475 0.0 0.2805804965075188 0.20530817606547996 0.7261821253316992 0.9347165347962252 0.4346806285858832 0.8312806231499998 0.24236940537598162 
0.2652227423707351 0.35034513192936734 0.3502868810090944 0.5251298628120254 0.3161761927278421 0.6598968027300308 0.4950883516288318 0.8203282197709771 0.17766498321134633 0.08054218195440994 0.4212657684295891 0.47905917562280664 0.2805804965075188 0.0 0.2565902961126983 0.7085197435823771 0.8796299244849124 0.15877223339617322 0.7996486945099699 0.13523659010642575 
0.5054423615299656 0.2616625153438535 0.5659326065081619 0.7715097302331991 0.19642084343005148 0.7873114445671614 0.6579322917625151 0.9739904678735125 0.38256855546268326 0.3201602639886778 0.655116539253861 0.6518851227038286 0.20530817606547996 0.2565902961126983 0.0 0.8867842074482203 1.0818537666551722 0.3594476242066103 0.9877029989072259 0.13079681272343688 
0.7204032450779354 0.72723140615346 0.8221629480360175 0.7468698516177081 0.7686981501555481 0.2016353479626243 0.22988235942158655 0.14584118374561555 0.7887034320529723 0.7216175572709679 0.7839549855312071 0.23530547694763873 0.7261821253316992 0.7085197435823771 0.8867842074482203 0.0 0.22114005354233887 0.7891491711660757 0.10686286513207756 0.8193269640954214 
0.8350155170782171 0.9413931142712304 0.9223546135634646 0.7904133490082685 0.9790156831950243 0.414089628427882 0.43890337586889216 0.2611966530206839 0.9282903627181558 0.8776665598004683 0.8612309486255353 0.4363004412161388 0.9347165347962252 0.8796299244849124 1.0818537666551722 0.22114005354233887 0.0 0.9332824771780829 0.11801341637192901 1.0012256446868653 
0.15860188606519351 0.5058636635628972 0.20704485476891313 0.42152011857114263 0.4659380361706382 0.774436708097352 0.5973789208116486 0.9147950852841071 0.023128731431054195 0.08665578210856108 0.29741722019963895 0.5756387541105128 0.4346806285858832 0.15877223339617322 0.3594476242066103 0.7891491711660757 0.9332824771780829 0.0 0.8689949750425837 0.23035549448768738 
0.7865165384919705 0.8336703938723484 0.8823449740565393 0.7798680009152162 0.8743014358990929 0.29610974749822605 0.33403586523113865 0.16069111739424222 0.8665369444882707 0.8063602277556999 0.8332180056338232 0.33617743113453236 0.8312806231499998 0.7996486945099699 0.9877029989072259 0.10686286513207756 0.11801341637192901 0.8689949750425837 0.0 0.9151806710549346 
0.3746693229132733 0.31338113247913296 0.4373803169199862 0.6408370935293882 0.2593953213576872 0.7466677569041635 0.5966291858870261 0.9208684153859862 0.2534616329976119 0.19044493555872966 0.5246410390283746 0.5851074198853995 0.24236940537598162 0.13523659010642575 0.13079681272343688 0.8193269640954214 1.0012256446868653 0.23035549448768738 0.9151806710549346 0.0 
