0.0 0.6584129919359845 0.6907066056210437 0.8277666639089712 0.622526857818284 0.69022300239577 1.0098448309021832 0.866568580412912 0.939260720189242 0.14848990068220466 0.9778191196620649 0.5827012022905795 0.9280243536808811 0.5578626085530167 0.6601407417726659 0.476705423975948 0.27367495067088743 1.136323894067625 1.0980638222184433 1.1407850599418508 
0.6584129919359845 0.0 0.9019717524423044 0.9789881617301623 0.7325811149408435 0.608549774802755 0.9292997188383167 1.071932145889214 0.7670934520116887 0.5284247917023103 0.7687303817142704 0.0770958195474786 0.27246191214483717 0.1973747055015873 0.22493050759833208 0.22195238273996334 0.763290578080414 0.8343047116604526 0.7151674280334032 0.9911617134637428 
0.6907066056210437 0.9019717524423044 0.0 0.14047223602071948 0.1755777392082768 0.36082523795346466 0.4331909921668274 0.1853891692647015 0.48414548349149994 0.6254845464698614 0.538846444755885 0.8437875044896525 1.066599546458003 0.7047610493440005 0.7186289544217458 0.6984942022658146 0.4386717183411679 0.720913923079706 0.7827589285671247 0.5814741540002359 
0.8277666639089712 0.9789881617301623 0.14047223602071948 0.0 0.2530938640228823 0.3902711242063685 0.3373340641341038 0.10601070619554018 0.4346097843153379 0.7546806931639847 0.4875636388628689 0.9276421547487705 1.1155232948883849 0.7825927057021657 0.778607573975678 0.7892753370928325 0.5790210981613436 0.6594868429356744 0.7464077090429906 0.4802795924610359 
0.622526857818284 0.7325811149408435 0.1755777392082768 0.2530938640228823 0.0 0.1958825096809841 0.3961869056602617 0.33974589588155624 0.379544276972629 0.5261218413300638 0.4313665899078065 0.6778665332886987 0.8910540599015692 0.5352648871953897 0.5437444297940563 0.5370309644103232 0.4171858764502406 0.6145980137457971 0.648773006777376 0.5377394731023392 
0.69022300239577 0.608549774802755 0.36082523795346466 0.3902711242063685 0.1958825096809841 0.0 0.35175555158827054 0.4930877633763107 0.24910143521973097 0.5634012967092713 0.2889101316685261 0.5686370377176045 0.7254227397244433 0.4200430814010628 0.3951702371015686 0.4510018190656275 0.5477110032660452 0.4590626718311946 0.4657145626276665 0.46117965743332395 
1.0098448309021832 0.9292997188383167 0.4331909921668274 0.3373340641341038 0.3961869056602617 0.35175555158827054 0.0 0.42272603823148125 0.17905178218957718 0.8976179223030875 0.2104124680701451 0.9015655677800664 0.983078305953177 0.7554877126745604 0.7049908297123405 0.7975461252715395 0.8126215069809685 0.34280286327802334 0.4631038581890768 0.1484727074757443 
0.866568580412912 1.071932145889214 0.1853891692647015 0.10601070619554018 0.33974589588155624 0.4930877633763107 0.42272603823148125 0.0 0.5360832708389451 0.8090735089719405 0.5880600934290352 1.0175726007133956 1.2171707933574998 0.8747440903684173 0.8768473006191009 0.8755353521484326 0.6041038077976878 0.7553968384415055 0.848634673313102 0.5578785806299187 
0.939260720189242 0.7670934520116887 0.48414548349149994 0.4346097843153379 0.379544276972629 0.24910143521973097 0.17905178218957718 0.5360832708389451 0.0 0.8116811140612751 0.05470909889579106 0.746651411725211 0.8054493544222033 0.6051456665422204 0.5422630221680459 0.6578738444434304 0.782582390082417 0.2380647397752469 0.3126668439598292 0.2284238792102313 
0.14848990068220466 0.5284247917023103 0.6254845464698614 0.7546806931639847 0.5261218413300638 0.5634012967092713 0.8976179223030875 0.8090735089719405 0.8116811140612751 0.0 0.8469311134912327 0.45147360043764717 0.7931438308903124 0.4121391555341542 0.5126879098299522 0.33332676390619875 0.2786744191220759 0.9990722609662157 0.9540539907304441 1.0215963434840833 
0.9778191196620649 0.7687303817142704 0.538846444755885 0.4875636388628689 0.4313665899078065 0.2889101316685261 0.2104124680701451 0.5880600934290352 0.05470909889579106 0.8469311134912327 0.0 0.7536791127775574 0.788335646012052 0.6162375297994512 0.5452713391219683 0.6743827803772262 0.8298062856879556 0.18410655376772306 0.2623393274855131 0.223136554439217 
0.5827012022905795 0.0770958195474786 0.8437875044896525 0.9276421547487705 0.6778665332886987 0.5686370377176045 0.9015655677800664 1.0175726007133956 0.746651411725211 0.45147360043764717 0.7536791127775574 0.0 0.34588561877342233 0.1486042592984491 0.21189177695033098 0.15104109373043043 0.6875804998269813 0.8354991259430826 0.7270875752978868 0.9737222075510256 
0.9280243536808811 0.27246191214483717 1.066599546458003 1.1155232948883849 0.8910540599015692 0.7254227397244433 0.983078305953177 1.2171707933574998 0.8054493544222033 0.7931438308903124 0.788335646012052 0.34588561877342233 0.0 0.4055769940843608 0.35188225537313583 0.46650003522884514 1.0077697181998844 0.7920800801651403 0.6444073280645815 1.0055847401041795 
0.5578626085530167 0.1973747055015873 0.7047610493440005 0.7825927057021657 0.5352648871953897 0.4200430814010628 0.7554877126745604 0.8747440903684173 0.6051456665422204 0.4121391555341542 0.6162375297994512 0.1486042592984491 0.4055769940843608 0.0 0.1089096053767479 0.08566282954520238 0.6029951200157646 0.7138686944332372 0.6214269880762496 0.8333011532032673 
0.6601407417726659 0.22493050759833208 0.7186289544217458 0.778607573975678 0.5437444297940563 0.3951702371015686 0.7049908297123405 0.8768473006191009 0.5422630221680459 0.5126879098299522 0.5452713391219683 0.21189177695033098 0.35188225537313583 0.1089096053767479 0.0 0.19440863201236452 0.6796260984399927 0.624021981789354 0.5211379965342752 0.7670706197812373 
0.476705423975948 0.22195238273996334 0.6984942022658146 0.7892753370928325 0.5370309644103232 0.4510018190656275 0.7975461252715395 0.8755353521484326 0.6578738444434304 0.33332676390619875 0.6743827803772262 0.15104109373043043 0.46650003522884514 0.08566282954520238 0.19440863201236452 0.0 0.5447667438825079 0.7843073533856487 0.6996361615723863 0.8860845082614179 
0.27367495067088743 0.763290578080414 0.4386717183411679 0.5790210981613436 0.4171858764502406 0.5477110032660452 0.8126215069809685 0.6041038077976878 0.782582390082417 0.2786744191220759 0.8298062856879556 0.6875804998269813 1.0077697181998844 0.6029951200157646 0.6796260984399927 0.5447667438825079 0.0 1.0060649576008236 1.0045337347633452 0.9549108717751478 
1.136323894067625 0.8343047116604526 0.720913923079706 0.6594868429356744 0.6145980137457971 0.4590626718311946 0.34280286327802334 0.7553968384415055 0.2380647397752469 0.9990722609662157 0.18410655376772306 0.8354991259430826 0.7920800801651403 0.7138686944332372 0.624021981789354 0.7843073533856487 1.0060649576008236 0.0 0.15720825181951525 0.26508207445976845 
1.0980638222184433 0.7151674280334032 0.7827589285671247 0.7464077090429906 0.648773006777376 0.4657145626276665 0.4631038581890768 0.848634673313102 0.3126668439598292 0.9540539907304441 0.2623393274855131 0.7270875752978868 0.6444073280645815 0.6214269880762496 0.5211379965342752 0.6996361615723863 1.0045337347633452 0.15720825181951525 0.0 0.4138894906932341 
1.1407850599418508 0.9911617134637428 0.5814741540002359 0.4802795924610359 0.5377394731023392 0.46117965743332395 0.1484727074757443 0.5578785806299187 0.2284238792102313 1.0215963434840833 0.223136554439217 0.9737222075510256 1.0055847401041795 0.8333011532032673 0.7670706197812373 0.8860845082614179 0.9549108717751478 0.26508207445976845 0.4138894906932341 0.0 
