0.0 0.11668219555456663 0.7866053726811418 0.24017330548729543 0.15099384848026762 0.8086065118814308 0.27318956055402577 0.1920600762952309 0.40639165541957367 0.3129919019893448 0.37270043115781415 0.478589764082044 0.8679832450293169 0.33292350055890335 0.6161373978579519 0.47656167446471387 0.5740898891167571 0.4182019359922642 0.45311667480245243 0.4357421580243621 
0.11668219555456663 0.0 0.8961182996765495 0.3547720069773648 0.04190184684752555 0.8361243678416626 0.16649666105511154 0.2635452910796317 0.5069467922314214 0.37681595780631594 0.43971022285227435 0.5666472616490974 0.9744901481306618 0.4081263023121248 0.7252260272352331 0.540059834522093 0.5788720819306276 0.4742131067886863 0.49414805361098924 0.5109827946613433 
0.7866053726811418 0.8961182996765495 0.0 0.6051673885500903 0.9181430893593926 0.7825741653075844 1.0594583138769913 0.6603071448147447 0.40062100454933836 0.6010287776599901 0.8321280888901449 0.744081148992332 0.09994989834365886 0.5509484950036526 0.1709208803935547 0.8786481886843768 0.8167691262113517 0.5838247362497601 0.6409908879875376 0.48936760919407324 
0.24017330548729543 0.3547720069773648 0.6051673885500903 0.0 0.3910555168079974 0.857674691966937 0.49415211944108883 0.27511697286224496 0.30215322246511794 0.35487772320929706 0.2804652414573281 0.3036028333415898 0.6973769659257006 0.33887171212679557 0.44428251122929885 0.369082928775219 0.6829272478440319 0.44976227839917676 0.5105743285190734 0.41412697477954824 
0.15099384848026762 0.04190184684752555 0.9181430893593926 0.3910555168079974 0.0 0.8206584318764769 0.15833273636784062 0.27263009646723574 0.5244045409383982 0.3794253485124598 0.48124957391846396 0.6084722499651657 0.9940698190749241 0.41472264861207214 0.7472769929703343 0.5812331924372168 0.5575295341860946 0.4720557062404111 0.48608416112223746 0.5161788386543646 
0.8086065118814308 0.8361243678416626 0.7825741653075844 0.857674691966937 0.8206584318764769 0.0 0.9672768434103316 0.6254832820683965 0.6014850014201503 0.5126106748397178 1.1269342249571261 1.15542281536211 0.7722373843361635 0.5193286795049956 0.7079811158838812 1.2235845279761661 0.28148820001866454 0.40958044073441346 0.3581984866747159 0.4520277749079716 
0.27318956055402577 0.16649666105511154 1.0594583138769913 0.49415211944108883 0.15833273636784062 0.9672768434103316 0.0 0.42839260880523855 0.6731268688662551 0.5376186705040942 0.49780075355768844 0.6477110797297052 1.1394750934140097 0.5719234844595642 0.8887878039244436 0.5850366640956441 0.6960955724423822 0.6300567408431117 0.6415551657105787 0.6739402686381809 
0.1920600762952309 0.2635452910796317 0.6603071448147447 0.27511697286224496 0.27263009646723574 0.6254832820683965 0.42839260880523855 0.0 0.2600276712453999 0.12094471269549825 0.5117865228178994 0.5744124477663372 0.729696851199785 0.1450091991205575 0.4915322619633097 0.6131869479560877 0.4155013286002433 0.22667349933180087 0.26733108622925866 0.24834445057307225 
0.40639165541957367 0.5069467922314214 0.40062100454933836 0.30215322246511794 0.5244045409383982 0.6014850014201503 0.6731268688662551 0.2600276712453999 0.0 0.21209779068538592 0.5813767716028867 0.570501933221225 0.4704895346703275 0.16262522141548477 0.2335982599293729 0.6637700921180696 0.5046651286624974 0.23923620817131885 0.3094069192768814 0.15656888399385485 
0.3129919019893448 0.37681595780631594 0.6010287776599901 0.35487772320929706 0.3794253485124598 0.5126106748397178 0.5376186705040942 0.12094471269549825 0.21209779068538592 0.0 0.6152841705135406 0.6582956662709281 0.6585477780521813 0.05037725243761328 0.44093880314547057 0.7136463478767885 0.33233893261316627 0.10660712355103125 0.15699780792413529 0.13833699446529432 
0.37270043115781415 0.43971022285227435 0.8321280888901449 0.2804652414573281 0.48124957391846396 1.1269342249571261 0.49780075355768844 0.5117865228178994 0.5813767716028867 0.6152841705135406 0.0 0.16154855895015455 0.9303998129707367 0.6088852926565471 0.6896432122491685 0.10400154714908587 0.9261728440473366 0.7174218727001088 0.7719869667206771 0.691887649532842 
0.478589764082044 0.5666472616490974 0.744081148992332 0.3036028333415898 0.6084722499651657 1.15542281536211 0.6477110797297052 0.5744124477663372 0.570501933221225 0.6582956662709281 0.16154855895015455 0.0 0.8440100814931202 0.639724589498212 0.6229053105843732 0.14402895786403025 0.986143909756626 0.7507703542411485 0.8133194418735088 0.7054457625670247 
0.8679832450293169 0.9744901481306618 0.09994989834365886 0.6973769659257006 0.9940698190749241 0.7722373843361635 1.1394750934140097 0.729696851199785 0.4704895346703275 0.6585477780521813 0.9303998129707367 0.8440100814931202 0.0 0.6096555082007848 0.25474204748201507 0.9782715669251304 0.8408086828848463 0.626832522255018 0.677425564395845 0.5359124781365457 
0.33292350055890335 0.4081263023121248 0.5509484950036526 0.33887171212679557 0.41472264861207214 0.5193286795049956 0.5719234844595642 0.1450091991205575 0.16262522141548477 0.05037725243761328 0.6088852926565471 0.639724589498212 0.6096555082007848 0.0 0.3905659117847157 0.7044165262677892 0.36374507395036343 0.11106917115443082 0.17577443264068054 0.10343087141972063 
0.6161373978579519 0.7252260272352331 0.1709208803935547 0.44428251122929885 0.7472769929703343 0.7079811158838812 0.8887878039244436 0.4915322619633097 0.2335982599293729 0.44093880314547057 0.6896432122491685 0.6229053105843732 0.25474204748201507 0.3905659117847157 0.0 0.7478958308942738 0.6906231282414931 0.43958278592433614 0.503206046084176 0.34412687476649206 
0.47656167446471387 0.540059834522093 0.8786481886843768 0.369082928775219 0.5812331924372168 1.2235845279761661 0.5850366640956441 0.6131869479560877 0.6637700921180696 0.7136463478767885 0.10400154714908587 0.14402895786403025 0.9782715669251304 0.7044165262677892 0.7478958308942738 0.0 1.028280885031437 0.8141055943603253 0.8706239925154267 0.7831990892077252 
0.5740898891167571 0.5788720819306276 0.8167691262113517 0.6829272478440319 0.5575295341860946 0.28148820001866454 0.6960955724423822 0.4155013286002433 0.5046651286624974 0.33233893261316627 0.9261728440473366 0.986143909756626 0.8408086828848463 0.36374507395036343 0.6906231282414931 1.028280885031437 0.0 0.2655697295576649 0.19525857057535712 0.3536952752776449 
0.4182019359922642 0.4742131067886863 0.5838247362497601 0.44976227839917676 0.4720557062404111 0.40958044073441346 0.6300567408431117 0.22667349933180087 0.23923620817131885 0.10660712355103125 0.7174218727001088 0.7507703542411485 0.626832522255018 0.11106917115443082 0.43958278592433614 0.8141055943603253 0.2655697295576649 0.0 0.07047222826951073 0.09556318863816443 
0.45311667480245243 0.49414805361098924 0.6409908879875376 0.5105743285190734 0.48608416112223746 0.3581984866747159 0.6415551657105787 0.26733108622925866 0.3094069192768814 0.15699780792413529 0.7719869667206771 0.8133194418735088 0.677425564395845 0.17577443264068054 0.503206046084176 0.8706239925154267 0.19525857057535712 0.07047222826951073 0.0 0.16058946077240258 
0.4357421580243621 0.5109827946613433 0.48936760919407324 0.41412697477954824 0.5161788386543646 0.4520277749079716 0.6739402686381809 0.24834445057307225 0.15656888399385485 0.13833699446529432 0.691887649532842 0.7054457625670247 0.5359124781365457 0.10343087141972063 0.34412687476649206 0.7831990892077252 0.3536952752776449 0.09556318863816443 0.16058946077240258 0.0 
