0.0 0.7430042778687401 0.3364585279840713 0.18967972438118108 0.7650269447202985 0.8445408892542667 0.787081151538119 0.06285922181642688 0.3931878245954215 0.904554317550953 0.47688979120793673 0.5143024402308592 0.6644410407404838 0.6020037165386779 0.514192605656233 0.11489269354935858 0.2660993490875932 0.20705661365095385 0.5253643061041118 0.3956883689827932 
0.7430042778687401 0.0 0.4461907722952379 0.932682919456707 0.4396686794822648 0.5137015037612092 0.2721142735238073 0.7110502473244347 0.6165615764014932 0.6497328747673772 0.7378945027592912 0.2398840397476711 0.10834793134834957 0.14105603897988503 0.25057190276180047 0.8578629078041535 0.5213593639292751 0.8378792698545725 0.28060394335041605 0.9214480703440994 
0.3364585279840713 0.4461907722952379 0.0 0.517702134826488 0.6352772093942934 0.7262618329936209 0.5792203973581304 0.2880940858614656 0.4574475980133878 0.8288998639555483 0.592322906849279 0.20644082695261978 0.3966023859392566 0.3115220462887045 0.1969603300173586 0.4463146816193235 0.07747732260046761 0.3925405672081661 0.32969150986557005 0.6500243999714129 
0.18967972438118108 0.932682919456707 0.517702134826488 0.0 0.9288971032109977 1.0027989796741774 0.9674933821638949 0.2296164232276263 0.5238273633601075 1.0474538227763448 0.569243558249129 0.7029690574849894 0.8533466265574783 0.7916766548506655 0.7018904771964422 0.07491761818822658 0.4429774903417884 0.2263347881938986 0.7095700098826239 0.3965434315056746 
0.7650269447202985 0.4396686794822648 0.6352772093942934 0.9288971032109977 0.0 0.0913378127304374 0.18558746552723396 0.7689132427882266 0.42745781624257 0.2149504006376098 0.47771735228942874 0.5020645766476661 0.3567132560541097 0.431111083977651 0.5267513259081472 0.8612950133273057 0.6784888165034437 0.9408511208125819 0.30807760460818456 0.7309862762722559 
0.8445408892542667 0.5137015037612092 0.7262618329936209 1.0027989796741774 0.0913378127304374 0.0 0.24561850141281927 0.8516744714143845 0.4896456647715084 0.136944887967556 0.5191382558485843 0.5920666400563737 0.4387718168896027 0.5176108395031015 0.6166716296168686 0.9371167682113577 0.7683449665996083 1.0251262412599196 0.3994151812482626 0.7784736380575455 
0.787081151538119 0.2721142735238073 0.5792203973581304 0.9674933821638949 0.18558746552723396 0.24561850141281927 0.0 0.7759710424746484 0.5216424507252058 0.3825632993593152 0.6070547066513048 0.4027919889775884 0.21613268038432765 0.30761508587775055 0.425220263900371 0.8948259374090728 0.6387529783310487 0.9351286507292096 0.2653977025895997 0.840585239181024 
0.06285922181642688 0.7110502473244347 0.2880940858614656 0.2296164232276263 0.7689132427882266 0.8516744714143845 0.7759710424746484 0.0 0.42207745025544224 0.920184708163606 0.5179399599877987 0.4769048297268266 0.6387964458149834 0.5702074927689579 0.4743111878775184 0.1589426401529662 0.2139352146713018 0.17655398936535496 0.5112222180411647 0.455630551937376 
0.3931878245954215 0.6165615764014932 0.4574475980133878 0.5238273633601075 0.42745781624257 0.4896456647715084 0.5216424507252058 0.42207745025544224 0.0 0.5237292651604306 0.13830670809935883 0.4835871512709544 0.5097019282762615 0.5047661499022162 0.50133760485944 0.46508874867313976 0.44885242385220553 0.596428718041825 0.3359618436369273 0.3195666524165977 
0.904554317550953 0.6497328747673772 0.8288998639555483 1.0474538227763448 0.2149504006376098 0.136944887967556 0.3825632993593152 0.920184708163606 0.5237292651604306 0.0 0.5166160328164312 0.7127699524128496 0.5711882428918058 0.6457640969009548 0.7375729070190596 0.9869773227448156 0.8629271600061865 1.0963533068392284 0.5115660678414043 0.7763028353831345 
0.47688979120793673 0.7378945027592912 0.592322906849279 0.569243558249129 0.47771735228942874 0.5191382558485843 0.6070547066513048 0.5179399599877987 0.13830670809935883 0.5166160328164312 0.0 0.6200683733596153 0.6297200123187014 0.6345416490063359 0.6384396914584238 0.5236832955579841 0.577691810085743 0.6839241118436948 0.45966112154987826 0.2610409081114385 
0.5143024402308592 0.2398840397476711 0.20644082695261978 0.7029690574849894 0.5020645766476661 0.5920666400563737 0.4027919889775884 0.4769048297268266 0.4835871512709544 0.7127699524128496 0.6200683733596153 0.0 0.1988128212091464 0.10732934253654303 0.024816633931559764 0.6288064384102029 0.28153351035145713 0.5980593920475925 0.20765636748631255 0.7508821492980912 
0.6644410407404838 0.10834793134834957 0.3966023859392566 0.8533466265574783 0.3567132560541097 0.4387718168896027 0.21613268038432765 0.6387964458149834 0.5097019282762615 0.5711882428918058 0.6297200123187014 0.1988128212091464 0.0 0.09447068531989869 0.21825507123734378 0.7784758506457997 0.4662517209602529 0.7790730967061503 0.17435314062428328 0.8177955732642077 
0.6020037165386779 0.14105603897988503 0.3115220462887045 0.7916766548506655 0.431111083977651 0.5176108395031015 0.30761508587775055 0.5702074927689579 0.5047661499022162 0.6457640969009548 0.6345416490063359 0.10732934253654303 0.09447068531989869 0.0 0.12478133707429934 0.7168766258270856 0.38460403207603505 0.7004883299322404 0.17986708313108918 0.7971838880647755 
0.514192605656233 0.25057190276180047 0.1969603300173586 0.7018904771964422 0.5267513259081472 0.6166716296168686 0.425220263900371 0.4743111878775184 0.50133760485944 0.7375729070190596 0.6384396914584238 0.024816633931559764 0.21825507123734378 0.12478133707429934 0.0 0.6281754779419966 0.27356179033529243 0.5895003183801012 0.23212585726683332 0.7628228230331973 
0.11489269354935858 0.8578629078041535 0.4463146816193235 0.07491761818822658 0.8612950133273057 0.9371167682113577 0.8948259374090728 0.1589426401529662 0.46508874867313976 0.9869773227448156 0.5236832955579841 0.6288064384102029 0.7784758506457997 0.7168766258270856 0.6281754779419966 0.0 0.37284115751241464 0.20169803431773067 0.6357294663983839 0.3817723615075105 
0.2660993490875932 0.5213593639292751 0.07747732260046761 0.4429774903417884 0.6784888165034437 0.7683449665996083 0.6387529783310487 0.2139352146713018 0.44885242385220553 0.8629271600061865 0.577691810085743 0.28153351035145713 0.4662517209602529 0.38460403207603505 0.27356179033529243 0.37284115751241464 0.0 0.3165276759333952 0.38037661127156347 0.6051065553359485 
0.20705661365095385 0.8378792698545725 0.3925405672081661 0.2263347881938986 0.9408511208125819 1.0251262412599196 0.9351286507292096 0.17655398936535496 0.596428718041825 1.0963533068392284 0.6839241118436948 0.5980593920475925 0.7790730967061503 0.7004883299322404 0.5895003183801012 0.20169803431773067 0.3165276759333952 0.0 0.6699326111598304 0.5787754587300462 
0.5253643061041118 0.28060394335041605 0.32969150986557005 0.7095700098826239 0.30807760460818456 0.3994151812482626 0.2653977025895997 0.5112222180411647 0.3359618436369273 0.5115660678414043 0.45966112154987826 0.20765636748631255 0.17435314062428328 0.17986708313108918 0.23212585726683332 0.6357294663983839 0.38037661127156347 0.6699326111598304 0.0 0.6438884440388062 
0.3956883689827932 0.9214480703440994 0.6500243999714129 0.3965434315056746 0.7309862762722559 0.7784736380575455 0.840585239181024 0.455630551937376 0.3195666524165977 0.7763028353831345 0.2610409081114385 0.7508821492980912 0.8177955732642077 0.7971838880647755 0.7628228230331973 0.3817723615075105 0.6051065553359485 0.5787754587300462 0.6438884440388062 0.0 
