0.0 0.6490181005240784 0.47991904104530386 0.19614776605162343 0.5533085248386085 0.5754281229878717 0.6288908916533317 0.43456511157048416 0.415337997814249 0.523666125733104 0.3235346886328291 0.24044211272938368 0.6796134957442871 0.5142849308170846 0.26673995249701965 0.6453454156104474 0.42270539001791885 0.09296273140566758 0.21738050581962 0.3468389498513896 
0.6490181005240784 0.0 1.1288793884523465 0.481619626691358 0.1763393461778346 0.20075163533180596 0.49418086379009923 0.6987030817317424 0.5613205035959864 0.5560654376266236 0.7808227341358216 0.828396511577331 0.05777605787680536 0.17305424486153662 0.7653186730873944 0.6920976559754863 0.530138323579334 0.6956304494274986 0.5168660563088316 0.31020558330533127 
0.47991904104530386 1.1288793884523465 0.0 0.6598808522589595 1.0265944777686378 1.0413634733681725 1.0285370307900368 0.70777575383432 0.7757904481135097 0.8841010477848603 0.5284700936764904 0.3721291277024047 1.1591322521147758 0.9888014265584744 0.4768894105042307 0.9489594883579131 0.7987351875208397 0.4442790539404904 0.6552933676195686 0.8251236064110672 
0.19614776605162343 0.481619626691358 0.6598808522589595 0.0 0.4244990314343948 0.38290880253629417 0.5981964333437568 0.3463381716443604 0.2707164114792562 0.36428774155921184 0.4705367831765923 0.42876359797912966 0.5208756389537883 0.32985871858660454 0.29967122625683923 0.5056556907176932 0.26574238934175803 0.21712705500323318 0.24086752871527992 0.21762070748985793 
0.5533085248386085 0.1763393461778346 1.0265944777686378 0.4244990314343948 0.0 0.3097437455880051 0.32681212576856195 0.7137336573302968 0.5872424937448204 0.6148988893194006 0.6277178702754502 0.6974345593047141 0.16524320999845782 0.23403991401094962 0.7239874134454838 0.7644866943399544 0.5609451891571016 0.6180708042907975 0.38166896761880226 0.2110510895324711 
0.5754281229878717 0.20075163533180596 1.0413634733681725 0.38290880253629417 0.3097437455880051 0.0 0.6313176379203003 0.5190921579239942 0.380147860466077 0.35930801587642963 0.7853724696387056 0.7915568469836367 0.2585274376392864 0.0888512276268184 0.6259943944803223 0.49162607531833946 0.34744733554117985 0.597106913621709 0.5110301500979494 0.30465945949264334 
0.6288908916533317 0.49418086379009923 1.0285370307900368 0.5981964333437568 0.32681212576856195 0.6313176379203003 0.0 0.9391176674109565 0.8351259280783182 0.8908413373845808 0.5223702508189466 0.6579617824306601 0.4632202157587656 0.5483072050588284 0.8720019866241558 1.0445534405992947 0.8160410570340545 0.7179087156366801 0.4115596622482496 0.4090972904955352 
0.43456511157048416 0.6987030817317424 0.70777575383432 0.3463381716443604 0.7137336573302968 0.5190921579239942 0.9391176674109565 0.0 0.13896254511489015 0.20376621330581401 0.7580731887210064 0.6551507865937627 0.7523082258204136 0.5261027193192528 0.23563977336558972 0.24192814507206237 0.17168138919237086 0.367110538212443 0.5798455797212955 0.5367423145888276 
0.415337997814249 0.5613205035959864 0.7757904481135097 0.2707164114792562 0.5872424937448204 0.380147860466077 0.8351259280783182 0.13896254511489015 0.0 0.11202025343058018 0.7282440833632222 0.6532367157719037 0.6156534278698619 0.3894215754364736 0.3030957108964013 0.23583407465935832 0.03306183587067302 0.3740472754816405 0.5113483291696015 0.42645437804001146 
0.523666125733104 0.5560654376266236 0.8841010477848603 0.36428774155921184 0.6148988893194006 0.35930801587642963 0.8908413373845808 0.20376621330581401 0.11202025343058018 0.0 0.8309865309124658 0.7628890084607134 0.6131435167122121 0.3938454656193798 0.40840823389520337 0.15374776498586346 0.10123303587650911 0.48580466071345024 0.600365528393408 0.48416567167253993 
0.3235346886328291 0.7808227341358216 0.5284700936764904 0.4705367831765923 0.6277178702754502 0.7853724696387056 0.5223702508189466 0.7580731887210064 0.7282440833632222 0.8309865309124658 0.0 0.16694409583476472 0.7888391325282615 0.7038531220787292 0.5739425561697463 0.9625985334137804 0.7301950610562643 0.4008075648234753 0.2745534715118487 0.4866727103675796 
0.24044211272938368 0.828396511577331 0.3721291277024047 0.42876359797912966 0.6974345593047141 0.7915568469836367 0.6579617824306601 0.6551507865937627 0.6532367157719037 0.7628890084607134 0.16694409583476472 0.0 0.8473751100688512 0.7198625429117923 0.4453972382328843 0.8787662885742991 0.662288296985389 0.2881945854874387 0.3159301407447238 0.5188940448332039 
0.6796134957442871 0.05777605787680536 1.1591322521147758 0.5208756389537883 0.16524320999845782 0.2585274376392864 0.4632202157587656 0.7523082258204136 0.6156534278698619 0.6131435167122121 0.7888391325282615 0.8473751100688512 0.0 0.22627747076123603 0.8100886730710394 0.7498125713341577 0.5848554178587134 0.7316260422847003 0.5325570989741337 0.33471223089556734 
0.5142849308170846 0.17305424486153662 0.9888014265584744 0.32985871858660454 0.23403991401094962 0.0888512276268184 0.5483072050588284 0.5261027193192528 0.3894215754364736 0.3938454656193798 0.7038531220787292 0.7198625429117923 0.22627747076123603 0.0 0.5990396276806595 0.5380409682434388 0.3588170978009945 0.5469842428778949 0.42935659283254723 0.21910312087493328 
0.26673995249701965 0.7653186730873944 0.4768894105042307 0.29967122625683923 0.7239874134454838 0.6259943944803223 0.8720019866241558 0.23563977336558972 0.3030957108964013 0.40840823389520337 0.5739425561697463 0.4453972382328843 0.8100886730710394 0.5990396276806595 0.0 0.47724318522537457 0.32929177263459886 0.17636225381451803 0.4679266057669449 0.5167599318515088 
0.6453454156104474 0.6920976559754863 0.9489594883579131 0.5056556907176932 0.7644866943399544 0.49162607531833946 1.0445534405992947 0.24192814507206237 0.23583407465935832 0.15374776498586346 0.9625985334137804 0.8787662885742991 0.7498125713341577 0.5380409682434388 0.47724318522537457 0.0 0.24114651901391393 0.5925952006436783 0.7454205548872803 0.6377985974341255 
0.42270539001791885 0.530138323579334 0.7987351875208397 0.26574238934175803 0.5609451891571016 0.34744733554117985 0.8160410570340545 0.17168138919237086 0.03306183587067302 0.10123303587650911 0.7301950610562643 0.662288296985389 0.5848554178587134 0.3588170978009945 0.32929177263459886 0.24114651901391393 0.0 0.38805381516481 0.5045017202729057 0.406943771493479 
0.09296273140566758 0.6956304494274986 0.4442790539404904 0.21712705500323318 0.6180708042907975 0.597106913621709 0.7179087156366801 0.367110538212443 0.3740472754816405 0.48580466071345024 0.4008075648234753 0.2881945854874387 0.7316260422847003 0.5469842428778949 0.17636225381451803 0.5925952006436783 0.38805381516481 0.0 0.3068055758384678 0.4074281450444225 
0.21738050581962 0.5168660563088316 0.6552933676195686 0.24086752871527992 0.38166896761880226 0.5110301500979494 0.4115596622482496 0.5798455797212955 0.5113483291696015 0.600365528393408 0.2745534715118487 0.3159301407447238 0.5325570989741337 0.42935659283254723 0.4679266057669449 0.7454205548872803 0.5045017202729057 0.3068055758384678 0.0 0.2134615411114134 
0.3468389498513896 0.31020558330533127 0.8251236064110672 0.21762070748985793 0.2110510895324711 0.30465945949264334 0.4090972904955352 0.5367423145888276 0.42645437804001146 0.48416567167253993 0.4866727103675796 0.5188940448332039 0.33471223089556734 0.21910312087493328 0.5167599318515088 0.6377985974341255 0.406943771493479 0.4074281450444225 0.2134615411114134 0.0 
