0.0 0.2860176430749296 0.43960528151527073 0.12065920418665631 0.896030400712381 0.2345612160981993 0.6596403240325648 0.42161904705846853 0.5040850511615137 0.44741684889202066 0.96515097427625 0.33205944994321374 0.9098408078926606 0.236686564140236 0.28593450362952133 0.8633784599385513 0.3111345901367575 0.7944417343238016 0.15982806728481536 0.5039082911005361 
0.2860176430749296 0.0 0.6910688560205167 0.35626739430299365 0.7913842313628994 0.16793271554074207 0.8758897112920206 0.4284121473434554 0.3858820631305917 0.4674310766706782 0.8765874376107139 0.31797480147824064 0.9011437091658383 0.16509688991912627 0.030825358552808668 0.6238457325701835 0.28346207172217924 0.5427666060306522 0.1271269484479144 0.4196105891322578 
0.43960528151527073 0.6910688560205167 0.0 0.3370375000314325 0.9553075803495021 0.5576329960390113 0.24758033773045598 0.5065354994375146 0.6919752418682408 0.4961048784464599 0.9884739407450199 0.7536886507701066 0.8221926196746279 0.6762630307018869 0.7016654999404499 1.128287402022051 0.7395243118077917 1.0864994167847506 0.5810951354497034 0.6527788389422989 
0.12065920418665631 0.35626739430299365 0.3370375000314325 0.0 0.8356165687098809 0.2450993107321635 0.5441647415358066 0.34633569093687644 0.46964573829037726 0.3644433811122796 0.8970308377159056 0.4526454835587176 0.8168332386045342 0.3475468800597401 0.36517339340938626 0.8692065352802818 0.4311022687427304 0.8103698696151042 0.24418872979794723 0.45554928228366204 
0.896030400712381 0.7913842313628994 0.9553075803495021 0.8356165687098809 0.0 0.687916196605921 0.9322617972016822 0.4912176032990034 0.40960937062704283 0.4816217774242995 0.09413408260934958 1.1048299418988548 0.305641900882813 0.9464052483818826 0.8218570093977399 0.48919653066080865 1.0705135038124765 0.5413548079766488 0.8379848921367968 0.3940976880790264 
0.2345612160981993 0.16793271554074207 0.5576329960390113 0.2450993107321635 0.687916196605921 0.0 0.721335504469675 0.26853594897549 0.28159446236340424 0.30607222822397084 0.765322115128482 0.4303173874643105 0.7562636201684396 0.2743169125955361 0.19311101483870402 0.6322946605890994 0.3975316080084186 0.5682904615645997 0.15229065510866052 0.2956371808389764 
0.6596403240325648 0.8758897112920206 0.24758033773045598 0.5441647415358066 0.9322617972016822 0.721335504469675 0.0 0.5780154168912128 0.7722563810118346 0.5517774004932146 0.9418924019848776 0.9860809788124896 0.7278025991870767 0.8917080053083519 0.892186855549912 1.206979234021587 0.9686974927589608 1.1831086735212486 0.7819945244145714 0.7204040421208326 
0.42161904705846853 0.4284121473434554 0.5065354994375146 0.34633569093687644 0.4912176032990034 0.26853594897549 0.5780154168912128 0.0 0.1946863968795694 0.03987093060371286 0.550695698125279 0.6921226532491884 0.4950261726322264 0.5401032712197887 0.4567069860391456 0.6328526145157538 0.6606843953477333 0.6051207635037128 0.41248408517526064 0.14747429245798155 
0.5040850511615137 0.3858820631305917 0.6919752418682408 0.46964573829037726 0.40960937062704283 0.28159446236340424 0.7722563810118346 0.1946863968795694 0.0 0.22155838248168316 0.4918117730486909 0.6957798566273281 0.5334371402124055 0.5371895609181384 0.41667238407189455 0.4391163911440082 0.6615759304512803 0.41103226038890717 0.42924847176375586 0.05975063603850746 
0.44741684889202066 0.4674310766706782 0.4961048784464599 0.3644433811122796 0.4816217774242995 0.30607222822397084 0.5517774004932146 0.03987093060371286 0.22155838248168316 0.0 0.5355622272697415 0.7265272599410985 0.46412057501013076 0.5759358677910809 0.49548953463957573 0.6556814275724011 0.6955094748851678 0.6324330627352062 0.4475667380414387 0.1686740620486777 
0.96515097427625 0.8765874376107139 0.9884739407450199 0.8970308377159056 0.09413408260934958 0.765322115128482 0.9418924019848776 0.550695698125279 0.4918117730486909 0.5355622272697415 0.0 1.187401055480978 0.25920420986648657 1.0287524360102092 0.9072448616293929 0.5756162831529247 1.153266123637776 0.6321323817611134 0.9167719760528855 0.46970920619367457 
0.33205944994321374 0.31797480147824064 0.7536886507701066 0.4526454835587176 1.1048299418988548 0.4303173874643105 0.9860809788124896 0.6921226532491884 0.6957798566273281 0.7265272599410985 1.187401055480978 0.0 1.1852804410030784 0.15865946675272463 0.289261352621788 0.9190470973663762 0.034533116611156114 0.8305008264703301 0.2799986094151064 0.7211329060636456 
0.9098408078926606 0.9011437091658383 0.8221926196746279 0.8168332386045342 0.305641900882813 0.7562636201684396 0.7278025991870767 0.4950261726322264 0.5334371402124055 0.46412057501013076 0.25920420986648657 1.1852804410030784 0.0 1.0305630384860323 0.9314597257935967 0.7741128228582146 1.1531353233569333 0.8092284599165396 0.9052944640238856 0.4864296379485263 
0.236686564140236 0.16509688991912627 0.6762630307018869 0.3475468800597401 0.9464052483818826 0.2743169125955361 0.8917080053083519 0.5401032712197887 0.5371895609181384 0.5759358677910809 1.0287524360102092 0.15865946675272463 1.0305630384860323 0.0 0.13955599825068332 0.7838082369908236 0.1246935793445016 0.6994363986402521 0.12959259533341763 0.5627322423858266 
0.28593450362952133 0.030825358552808668 0.7016654999404499 0.36517339340938626 0.8218570093977399 0.19311101483870402 0.892186855549912 0.4567069860391456 0.41667238407189455 0.49548953463957573 0.9072448616293929 0.289261352621788 0.9314597257935967 0.13955599825068332 0.0 0.6452541718076176 0.2548226713735263 0.5623159256099877 0.12633783961029135 0.45035926431468337 
0.8633784599385513 0.6238457325701835 1.128287402022051 0.8692065352802818 0.48919653066080865 0.6322946605890994 1.206979234021587 0.6328526145157538 0.4391163911440082 0.6556814275724011 0.5756162831529247 0.9190470973663762 0.7741128228582146 0.7838082369908236 0.6452541718076176 0.0 0.8865973533038 0.09493782562737042 0.7321220025675664 0.4871060676609218 
0.3111345901367575 0.28346207172217924 0.7395243118077917 0.4311022687427304 1.0705135038124765 0.3975316080084186 0.9686974927589608 0.6606843953477333 0.6615759304512803 0.6955094748851678 1.153266123637776 0.034533116611156114 1.1531353233569333 0.1246935793445016 0.2548226713735263 0.8865973533038 0.0 0.7985585429879016 0.24821653483509354 0.6874046758747256 
0.7944417343238016 0.5427666060306522 1.0864994167847506 0.8103698696151042 0.5413548079766488 0.5682904615645997 1.1831086735212486 0.6051207635037128 0.41103226038890717 0.6324330627352062 0.6321323817611134 0.8305008264703301 0.8092284599165396 0.6994363986402521 0.5623159256099877 0.09493782562737042 0.7985585429879016 0.0 0.6562461889906995 0.465238669486969 
0.15982806728481536 0.1271269484479144 0.5810951354497034 0.24418872979794723 0.8379848921367968 0.15229065510866052 0.7819945244145714 0.41248408517526064 0.42924847176375586 0.4475667380414387 0.9167719760528855 0.2799986094151064 0.9052944640238856 0.12959259533341763 0.12633783961029135 0.7321220025675664 0.24821653483509354 0.6562461889906995 0.0 0.4473732866625873 
0.5039082911005361 0.4196105891322578 0.6527788389422989 0.45554928228366204 0.3940976880790264 0.2956371808389764 0.7204040421208326 0.14747429245798155 0.05975063603850746 0.1686740620486777 0.46970920619367457 0.7211329060636456 0.4864296379485263 0.5627322423858266 0.45035926431468337 0.4871060676609218 0.6874046758747256 0.465238669486969 0.4473732866625873 0.0 
