0.0 0.59934037030146 0.31621006944777375 0.15708347258709718 0.24224803745204826 0.32134348883381825 0.7290800745954658 0.5340844493618244 0.4644721998728811 0.32839401954453556 0.21425267645270568 0.65435900957993 0.27132146824795056 0.5307446069884264 0.48897559250570194 0.6131086279049469 0.465492044153409 0.4797656426887573 0.30808235012504653 0.4239755195938109 
0.59934037030146 0.0 0.6945958258792603 0.5389041468949088 0.8182558585411028 0.8927782001423636 0.6677178947662379 0.0799358687927396 0.42635089746836335 0.4152731489310561 0.5062932787405107 0.32979636910871907 0.6657557918103202 0.6230427911964036 0.6420129202560563 0.34673672685353346 0.9808952124075428 0.27423039945973643 0.317430108293803 0.8766313557192454 
0.31621006944777375 0.6945958258792603 0.0 0.2039951286584651 0.4762566941688092 0.5412193046372267 1.0208163999835589 0.6583201324268778 0.34766267304477033 0.2826416972174306 0.20118361608887453 0.5856895069466165 0.045708020086484294 0.8350552830268833 0.22898547869287925 0.8412932156542688 0.7184748375477397 0.6945868866470165 0.5126880996707337 0.7149049186382376 
0.15708347258709718 0.5389041468949088 0.2039951286584651 0.0 0.3860880736510461 0.46356187499973284 0.8182253343927216 0.48865619897913026 0.3155445986094808 0.1865160081578269 0.059952439208076365 0.5244834851860717 0.16026617024638642 0.6374366772682782 0.33630678889071436 0.6420005774089638 0.6190530644081256 0.4965458707925476 0.31309705639933644 0.5809108025751432 
0.24224803745204826 0.8182558585411028 0.4762566941688092 0.3860880736510461 0.0 0.07910335558432598 0.7709673167764215 0.746262139195184 0.7011692900585221 0.5677790792543612 0.44600544971434203 0.8966063193501711 0.44069308865608353 0.5578082556284668 0.6892499611723161 0.7541826781741944 0.24260827505105848 0.6457738715052063 0.5057043249357299 0.25806568978996197 
0.32134348883381825 0.8927782001423636 0.5412193046372267 0.46356187499973284 0.07910335558432598 0.0 0.8013741434317252 0.8196352899077123 0.7789894873383689 0.6462688187643153 0.5235142877817158 0.9756974023224727 0.5083158993807875 0.5895289213004127 0.7594011232197035 0.8115388521911561 0.1818875938311906 0.7102658446059452 0.5781355110119893 0.2359413221200319 
0.7290800745954658 0.6677178947662379 1.0208163999835589 0.8182253343927216 0.7709673167764215 0.8013741434317252 0.0 0.6058017983559211 0.957360355408996 0.8545827249889931 0.8393456430513517 0.9753329577752574 0.9756871803230679 0.21315984119323175 1.1123449053122807 0.324353029183338 0.7522342254861528 0.4166749943341778 0.543408393307308 0.615386432452656 
0.5340844493618244 0.0799358687927396 0.6583201324268778 0.48865619897913026 0.746262139195184 0.8196352899077123 0.6058017983559211 0.0 0.4247675752188796 0.3878245305185964 0.46283907252629547 0.3732041815397192 0.6258766031628806 0.5477824763305585 0.6319938456003521 0.2929006699376353 0.9031804771797662 0.20008847394235832 0.24192116694421179 0.7974364819895448 
0.4644721998728811 0.42635089746836335 0.34766267304477033 0.3155445986094808 0.7011692900585221 0.7789894873383689 0.957360355408996 0.4247675752188796 0.0 0.1381849691258187 0.25564091405665224 0.23814690579525544 0.3415873852800705 0.8243058023528999 0.21910391749724753 0.6899251537765283 0.929920159078477 0.553030041737244 0.41968883956282044 0.8774386307236515 
0.32839401954453556 0.4152731489310561 0.2826416972174306 0.1865160081578269 0.5677790792543612 0.6462688187643153 0.8545827249889931 0.3878245305185964 0.1381849691258187 0.0 0.12908236364129336 0.3388370331618594 0.2599896477006168 0.7057461690091603 0.2619854978499706 0.6147215065368323 0.7932539855032834 0.46986306839952685 0.31120345063594207 0.7392548319490322 
0.21425267645270568 0.5062932787405107 0.20118361608887453 0.059952439208076365 0.44600544971434203 0.5235142877817158 0.8393456430513517 0.46283907252629547 0.25564091405665224 0.12908236364129336 0.0 0.4679152815988495 0.1641862159071788 0.6673688779387097 0.29070289093867524 0.6416825918694021 0.6781664064512668 0.4946171829003905 0.31448996654872513 0.6366427030450251 
0.65435900957993 0.32979636910871907 0.5856895069466165 0.5244834851860717 0.8966063193501711 0.9756974023224727 0.9753329577752574 0.3732041815397192 0.23814690579525544 0.3388370331618594 0.4679152815988495 0.0 0.5776413527040923 0.8892663369466333 0.43265190962300304 0.6660546807495199 1.109137591194368 0.5600600913024231 0.49804671145947327 1.0358515302519058 
0.27132146824795056 0.6657557918103202 0.045708020086484294 0.16026617024638642 0.44069308865608353 0.5083158993807875 0.9756871803230679 0.6258766031628806 0.3415873852800705 0.2599896477006168 0.1641862159071788 0.5776413527040923 0.0 0.789390768473024 0.25284775504290147 0.8003463010015045 0.6832975374237742 0.6540486335114908 0.4713772444252465 0.6746919708503649 
0.5307446069884264 0.6230427911964036 0.8350552830268833 0.6374366772682782 0.5578082556284668 0.5895289213004127 0.21315984119323175 0.5477824763305585 0.8243058023528999 0.7057461690091603 0.6673688779387097 0.8892663369466333 0.789390768473024 0.0 0.9523622684072018 0.33789024624159514 0.5540847222366837 0.3488144230221325 0.40633221474703474 0.41675671189242125 
0.48897559250570194 0.6420129202560563 0.22898547869287925 0.33630678889071436 0.6892499611723161 0.7594011232197035 1.1123449053122807 0.6319938456003521 0.21910391749724753 0.2619854978499706 0.29070289093867524 0.43265190962300304 0.25284775504290147 0.9523622684072018 0.0 0.8758433914660172 0.9313237195444832 0.7316563643670544 0.5705005727385631 0.9105507059436311 
0.6131086279049469 0.34673672685353346 0.8412932156542688 0.6420005774089638 0.7541826781741944 0.8115388521911561 0.324353029183338 0.2929006699376353 0.6899251537765283 0.6147215065368323 0.6416825918694021 0.6660546807495199 0.8003463010015045 0.33789024624159514 0.8758433914660172 0.0 0.8352085606205211 0.14724894488792858 0.32903192464820685 0.7057227110345147 
0.465492044153409 0.9808952124075428 0.7184748375477397 0.6190530644081256 0.24260827505105848 0.1818875938311906 0.7522342254861528 0.9031804771797662 0.929920159078477 0.7932539855032834 0.6781664064512668 1.109137591194368 0.6832975374237742 0.5540847222366837 0.9313237195444832 0.8352085606205211 0.0 0.7608870830584354 0.6644154675578771 0.13745261626324945 
0.4797656426887573 0.27423039945973643 0.6945868866470165 0.4965458707925476 0.6457738715052063 0.7102658446059452 0.4166749943341778 0.20008847394235832 0.553030041737244 0.46986306839952685 0.4946171829003905 0.5600600913024231 0.6540486335114908 0.3488144230221325 0.7316563643670544 0.14724894488792858 0.7608870830584354 0.0 0.1836197577883131 0.6415882432774656 
0.30808235012504653 0.317430108293803 0.5126880996707337 0.31309705639933644 0.5057043249357299 0.5781355110119893 0.543408393307308 0.24192116694421179 0.41968883956282044 0.31120345063594207 0.31448996654872513 0.49804671145947327 0.4713772444252465 0.40633221474703474 0.5705005727385631 0.32903192464820685 0.6644154675578771 0.1836197577883131 0.0 0.565545086493082 
0.4239755195938109 0.8766313557192454 0.7149049186382376 0.5809108025751432 0.25806568978996197 0.2359413221200319 0.615386432452656 0.7974364819895448 0.8774386307236515 0.7392548319490322 0.6366427030450251 1.0358515302519058 0.6746919708503649 0.41675671189242125 0.9105507059436311 0.7057227110345147 0.13745261626324945 0.6415882432774656 0.565545086493082 0.0 
