0.0 0.36562586265767555 0.4945317168690736 0.3575910093959972 0.5137520243126343 0.4229840116975843 0.48399254782196727 0.14308490416083164 0.09300736460178238 0.22975793780613452 0.2819740843082645 0.6804347111671556 0.30744061577793796 0.5411156800305843 0.22242639462264988 0.5810173243903018 0.564459892696162 0.14137087735868895 0.2831998090180483 0.5872952736804714 0.022469651908790238 0.6115369698539626 0.14913499275905345 0.23155366090203028 0.18633228084357475 
0.36562586265767555 0.0 0.20540449434011407 0.4551839416876568 0.6135936166097208 0.6724807245353158 0.19269076772661003 0.264281647096728 0.4013520415276517 0.5950295121357811 0.18360170483803628 0.3167126106399728 0.6233531710559388 0.5286282680928235 0.5026609002696896 0.2939282865392519 0.27410321309999974 0.31512798521498975 0.2691369483884589 0.3827118685378849 0.35292519343715206 0.6403987864041513 0.40778657954019276 0.19045504034573282 0.22551124804106545 
0.4945317168690736 0.20540449434011407 0.0 0.6571854275947677 0.542727927632521 0.6790386779384608 0.012812077505330125 0.43591363385231885 0.5562752459413705 0.716894984595854 0.38624863856548575 0.2576715521498128 0.7869977114667019 0.7321776937942622 0.5549234837603728 0.09209806731432855 0.07305446121931695 0.390241752060842 0.2672193604783808 0.1897303292189051 0.48950200790143933 0.5271549655007237 0.47496812277883277 0.3828877488702094 0.40738558596625074 
0.3575910093959972 0.4551839416876568 0.6571854275947677 0.0 0.8639137705925015 0.7740872371935344 0.6443797445372897 0.26818926521005226 0.2789119170133896 0.45094710175815705 0.27163901601223067 0.7231945688530284 0.3229047804421595 0.1983596684863434 0.5763264571819091 0.7479111812098691 0.7281626207991743 0.47002423006276617 0.5692219859501405 0.8159157705174167 0.33716847687595874 0.9484287786144004 0.5060397938465993 0.27845675756804256 0.26975752172344697 
0.5137520243126343 0.6135936166097208 0.542727927632521 0.8639137705925015 0.0 0.2582490566535708 0.543636263962886 0.6038875329468345 0.6048053203989519 0.588780624838162 0.6867771910165217 0.7995091918185775 0.7695278456436856 1.0298039084542698 0.33557903823813195 0.5644708650470994 0.5634732638578548 0.39531472832628345 0.34751720673350645 0.4479457195707716 0.5313766552780401 0.13400205581029415 0.3670149231430482 0.6426768831971776 0.6213254806985411 
0.4229840116975843 0.6724807245353158 0.6790386779384608 0.7740872371935344 0.2582490566535708 0.0 0.6753126478423706 0.5544218096122808 0.49523703932933755 0.395551476673901 0.6759710565548548 0.9302970703746642 0.5935725324270931 0.9631881619596012 0.20072584827881212 0.7291875845685616 0.7220832063053881 0.36949072879584594 0.4205366716421103 0.6451636043475752 0.4451880831584453 0.3915743844242375 0.28926888055824884 0.6248522726264925 0.5883520427457843 
0.48399254782196727 0.19269076772661003 0.012812077505330125 0.6443797445372897 0.543636263962886 0.6753126478423706 0.0 0.4237520516770336 0.5448521562183596 0.7070986996965736 0.3734369297213722 0.2585237763691121 0.775454991884307 0.7197216045676886 0.5482053021379524 0.10464895735403701 0.0854313837423897 0.3815694069371668 0.2612680532282837 0.2002727822472841 0.4786462579920608 0.5311873348705188 0.46714945108561096 0.3701822553806596 0.39491690864196516 
0.14308490416083164 0.264281647096728 0.43591363385231885 0.26818926521005226 0.6038875329468345 0.5544218096122808 0.4237520516770336 0.0 0.14101587480663383 0.3512156188101109 0.14093237324690783 0.5787500761329498 0.3592331610629967 0.42635149827248875 0.3548879971975232 0.527634933872846 0.5089356240489845 0.2090321200573208 0.30186868351833823 0.568992688085418 0.12188496330817807 0.6817850335811229 0.26672627838304314 0.09339347918999898 0.046432735555369094 
0.09300736460178238 0.4013520415276517 0.5562752459413705 0.2789119170133896 0.6048053203989519 0.49523703932933755 0.5448521562183596 0.14101587480663383 0.0 0.21627911284546825 0.2755513356283631 0.7175692604719454 0.2310777932844684 0.4711080464515392 0.2986718374829523 0.6459333300484581 0.6282673591927115 0.2322698002024355 0.36845319317234954 0.6659071908484581 0.08108968217679528 0.7044018929151189 0.23813864341496188 0.2326765875896675 0.1864518905234617 
0.22975793780613452 0.5950295121357811 0.716894984595854 0.45094710175815705 0.588780624838162 0.395551476673901 0.7070986996965736 0.3512156188101109 0.21627911284546825 0.0 0.4901881013331114 0.9101924948358665 0.19943999772260665 0.6491658459192521 0.2554092359128651 0.7997634784045268 0.7843974245262298 0.3328099092361757 0.47789610245677433 0.7861326216238412 0.24235943600883736 0.7122719124894165 0.270855707438695 0.44459544833431736 0.39764636962453787 
0.2819740843082645 0.18360170483803628 0.38624863856548575 0.27163901601223067 0.6867771910165217 0.6759710565548548 0.3734369297213722 0.14093237324690783 0.2755513356283631 0.4901881013331114 0.0 0.47160629323034864 0.4710304186752078 0.3662613919513889 0.48111343796310263 0.4764975561695356 0.45671984211218497 0.31045526595357525 0.3495390165254672 0.5521094535774804 0.26171585471622083 0.7440963840161211 0.3871985953417696 0.05174266664388279 0.09570822542278892 
0.6804347111671556 0.3167126106399728 0.2576715521498128 0.7231945688530284 0.7995091918185775 0.9302970703746642 0.2585237763691121 0.5787500761329498 0.7175692604719454 0.9101924948358665 0.47160629323034864 0.0 0.9357386364439765 0.7282245242348332 0.788988743937455 0.2505724211314189 0.24436196825261206 0.608838032077688 0.5109142555942254 0.39509653936538386 0.6688328960141171 0.7742359738927831 0.7003154586897898 0.4961094890488329 0.5370225174640609 
0.30744061577793796 0.6233531710559388 0.7869977114667019 0.3229047804421595 0.7695278456436856 0.5935725324270931 0.775454991884307 0.3592331610629967 0.2310777932844684 0.19943999772260665 0.4710304186752078 0.9357386364439765 0.0 0.5089569183710393 0.4346895143201297 0.8769301501486404 0.8591742393487204 0.44601554110961966 0.590508407860135 0.8939205840582144 0.3048872924841666 0.885545446410495 0.4177544754124851 0.44000608422301674 0.3989192404845847 
0.5411156800305843 0.5286282680928235 0.7321776937942622 0.1983596684863434 1.0298039084542698 0.9631881619596012 0.7197216045676886 0.42635149827248875 0.4711080464515392 0.6491658459192521 0.3662613919513889 0.7282245242348332 0.5089569183710393 0.0 0.7632502771342519 0.8160902130385164 0.7964907644274455 0.6353815841257282 0.7092537357434581 0.9105757891154882 0.5193488082896165 1.1012585581719656 0.6855006136116916 0.39770496162668656 0.4101212018119353 
0.22242639462264988 0.5026609002696896 0.5549234837603728 0.5763264571819091 0.33557903823813195 0.20072584827881212 0.5482053021379524 0.3548879971975232 0.2986718374829523 0.2554092359128651 0.48111343796310263 0.788988743937455 0.4346895143201297 0.7632502771342519 0.0 0.6230044159456182 0.6114905843797095 0.18770295199966183 0.2885516458115949 0.5753250374399922 0.24454865390181862 0.4569329128104076 0.0964988289117911 0.42949278637377847 0.3907087170374961 
0.5810173243903018 0.2939282865392519 0.09209806731432855 0.7479111812098691 0.5644708650470994 0.7291875845685616 0.10464895735403701 0.527634933872846 0.6459333300484581 0.7997634784045268 0.4764975561695356 0.2505724211314189 0.8769301501486404 0.8160902130385164 0.6230044159456182 0.0 0.019828588652013274 0.46917377861715626 0.3351893384859981 0.14536209035662484 0.5772203669261801 0.5266591495000588 0.549243536881115 0.4746926376955736 0.4994776792713893 
0.564459892696162 0.27410321309999974 0.07305446121931695 0.7281626207991743 0.5634732638578548 0.7220832063053881 0.0854313837423897 0.5089356240489845 0.6282673591927115 0.7843974245262298 0.45671984211218497 0.24436196825261206 0.8591742393487204 0.7964907644274455 0.6114905843797095 0.019828588652013274 0.0 0.45471323390624313 0.32312684638431166 0.15570288738240512 0.5602527474622772 0.5303438430892 0.5360886534600925 0.45519428890608354 0.4803472345415962 
0.14137087735868895 0.31512798521498975 0.390241752060842 0.47002423006276617 0.39531472832628345 0.36949072879584594 0.3815694069371668 0.2090321200573208 0.2322698002024355 0.3328099092361757 0.31045526595357525 0.608838032077688 0.44601554110961966 0.6353815841257282 0.18770295199966183 0.46917377861715626 0.45471323390624313 0.0 0.147250640279524 0.45588388815552155 0.1513622612867835 0.4802093832275635 0.09290535572631936 0.26091094640929097 0.23123057165793157 
0.2831998090180483 0.2691369483884589 0.2672193604783808 0.5692219859501405 0.34751720673350645 0.4205366716421103 0.2612680532282837 0.30186868351833823 0.36845319317234954 0.47789610245677433 0.3495390165254672 0.5109142555942254 0.590508407860135 0.7092537357434581 0.2885516458115949 0.3351893384859981 0.32312684638431166 0.147250640279524 0.0 0.308832649783185 0.28834525467119615 0.39455843871161084 0.21566483290050414 0.3118200455226126 0.3028486886627554 
0.5872952736804714 0.3827118685378849 0.1897303292189051 0.8159157705174167 0.4479457195707716 0.6451636043475752 0.2002727822472841 0.568992688085418 0.6659071908484581 0.7861326216238412 0.5521094535774804 0.39509653936538386 0.8939205840582144 0.9105757891154882 0.5753250374399922 0.14536209035662484 0.15570288738240512 0.45588388815552155 0.308832649783185 0.0 0.5890780794330643 0.39153881186587663 0.5191190972275352 0.537481845815599 0.5511676743398394 
0.022469651908790238 0.35292519343715206 0.48950200790143933 0.33716847687595874 0.5313766552780401 0.4451880831584453 0.4786462579920608 0.12188496330817807 0.08108968217679528 0.24235943600883736 0.26171585471622083 0.6688328960141171 0.3048872924841666 0.5193488082896165 0.24454865390181862 0.5772203669261801 0.5602527474622772 0.1513622612867835 0.28834525467119615 0.5890780794330643 0.0 0.6266564569155942 0.16889336968978888 0.21182451586571832 0.16600991184083863 
0.6115369698539626 0.6403987864041513 0.5271549655007237 0.9484287786144004 0.13400205581029415 0.3915743844242375 0.5311873348705188 0.6817850335811229 0.7044018929151189 0.7122719124894165 0.7440963840161211 0.7742359738927831 0.885545446410495 1.1012585581719656 0.4569329128104076 0.5266591495000588 0.5303438430892 0.4802093832275635 0.39455843871161084 0.39153881186587663 0.6266564569155942 0.0 0.47201329344932164 0.7053108209759087 0.691584675090686 
0.14913499275905345 0.40778657954019276 0.47496812277883277 0.5060397938465993 0.3670149231430482 0.28926888055824884 0.46714945108561096 0.26672627838304314 0.23813864341496188 0.270855707438695 0.3871985953417696 0.7003154586897898 0.4177544754124851 0.6855006136116916 0.0964988289117911 0.549243536881115 0.5360886534600925 0.09290535572631936 0.21566483290050414 0.5191190972275352 0.16889336968978888 0.47201329344932164 0.0 0.335859074699833 0.299162922106163 
0.23155366090203028 0.19045504034573282 0.3828877488702094 0.27845675756804256 0.6426768831971776 0.6248522726264925 0.3701822553806596 0.09339347918999898 0.2326765875896675 0.44459544833431736 0.05174266664388279 0.4961094890488329 0.44000608422301674 0.39770496162668656 0.42949278637377847 0.4746926376955736 0.45519428890608354 0.26091094640929097 0.3118200455226126 0.537481845815599 0.21182451586571832 0.7053108209759087 0.335859074699833 0.0 0.046964821520124496 
0.18633228084357475 0.22551124804106545 0.40738558596625074 0.26975752172344697 0.6213254806985411 0.5883520427457843 0.39491690864196516 0.046432735555369094 0.1864518905234617 0.39764636962453787 0.09570822542278892 0.5370225174640609 0.3989192404845847 0.4101212018119353 0.3907087170374961 0.4994776792713893 0.4803472345415962 0.23123057165793157 0.3028486886627554 0.5511676743398394 0.16600991184083863 0.691584675090686 0.299162922106163 0.046964821520124496 0.0 
