0.0 0.02919528236327542 0.29644871623793284 0.6384137299339379 0.2597337659410261 0.46616489519410903 0.32608639871028006 0.45568167409984245 0.6885152235162709 0.8549244878944593 0.42549074454419966 0.35416382135641505 0.04903899862878757 0.49440106379307075 0.7015200656957428 0.8243768861810699 0.6279383301603023 1.0570157517432224 1.1023695617689697 0.6608325040361255 0.5368670318332571 0.3564346253619877 0.9845636609753126 1.0348348500312214 1.087706748173954 
0.02919528236327542 0.0 0.3255234199102606 0.6658081085962158 0.28705463633814066 0.4753734201240209 0.3277634498924273 0.47520746364208866 0.7121437089392733 0.855915937171514 0.432978999915483 0.3791622565247519 0.07260889190382099 0.5005706270099017 0.7296839462101927 0.8484014649093152 0.6463200232697237 1.0679937198100613 1.1107321579751739 0.6642684017675208 0.5274930169866368 0.3570025812888317 0.9921539436369693 1.0423511829568268 1.0981632420632217 
0.29644871623793284 0.3255234199102606 0.0 0.36085141576341256 0.0867780919437301 0.4483104700344352 0.4163578526683967 0.3176614153277969 0.46133076739747036 0.87294380713987 0.4349402476976429 0.16110682116825856 0.2606819618360055 0.5014633788832243 0.41299208844202123 0.5857272508932819 0.4755330234596291 0.9604422589180738 1.0319149932324854 0.6708743889549436 0.6761324236742688 0.4464822866659712 0.9275652472892204 0.9761983324499975 0.9954979676342818 
0.6384137299339379 0.6658081085962158 0.36085141576341256 0.0 0.378756571905343 0.513440656707693 0.6015821566922293 0.3238235624165911 0.19121791923098397 0.8577914956673139 0.5362773932211442 0.300119071610946 0.5941768995060881 0.5698422337308087 0.08670042040127116 0.261147660365038 0.34206005046094823 0.788155011183479 0.8852367443786807 0.6870178334197597 0.830786469197569 0.6189508878873178 0.8106651994403987 0.8509096098140344 0.8249095581599231 
0.2597337659410261 0.28705463633814066 0.0867780919437301 0.378756571905343 0.0 0.3663618225455119 0.33017192731421807 0.25570094705581303 0.4426333558754609 0.7917353252928714 0.35016495782061413 0.10967234115883187 0.21566246972424896 0.41791887512430365 0.444163968635641 0.5749456081274319 0.42427446221723697 0.899738710926677 0.9657844721963359 0.589038747060642 0.5900818002119398 0.3600116634740016 0.8580244713514256 0.9073135702221112 0.9339917311239627 
0.46616489519410903 0.4753734201240209 0.4483104700344352 0.513440656707693 0.3663618225455119 0.0 0.17701822744727602 0.19141014132482526 0.41979257313637985 0.42538962804395614 0.0499080041022209 0.3058881718973819 0.42350557628589974 0.0586641037163021 0.6001401528046336 0.5405315633235593 0.25724048837133756 0.5936068975437319 0.636277976467557 0.22271933060548996 0.3244559344275179 0.16782824071890654 0.519201386668151 0.5695106006601794 0.6231314916984269 
0.32608639871028006 0.3277634498924273 0.4163578526683967 0.6015821566922293 0.33017192731421807 0.17701822744727602 0.0 0.2931791611289727 0.55459807632875 0.528842477898469 0.1272166341558213 0.32533710602022453 0.29279008886891417 0.18179800102856777 0.685488613663379 0.6858815397104704 0.4179676733788004 0.7605426879184723 0.7922847205577319 0.336966902077249 0.2599305269422382 0.03252437281822849 0.6718440421808083 0.7216022540179187 0.7879740952028123 
0.45568167409984245 0.47520746364208866 0.3176614153277969 0.3238235624165911 0.25570094705581303 0.19141014132482526 0.2931791611289727 0.0 0.26374142837245224 0.5819624551004513 0.21262520310673375 0.15662946830198643 0.40678308715951705 0.24930411819730902 0.4104044783381187 0.3985278106502337 0.17399758187511113 0.6446423927966357 0.714254526719782 0.3895299827101685 0.5073738143889649 0.30453035577463533 0.6108281392402221 0.6590871745609843 0.6792248655887796 
0.6885152235162709 0.7121437089392733 0.46133076739747036 0.19121791923098397 0.4426333558754609 0.41979257313637985 0.55459807632875 0.26374142837245224 0.0 0.6970672054847123 0.4567131461744016 0.3364710171558284 0.6400697996930318 0.46768348880785576 0.2547246991217889 0.1372491766981377 0.1855531307522855 0.5970896171755811 0.6952755794941854 0.5474697297847816 0.743450617471755 0.5625407158804617 0.6251888949665411 0.663610948463073 0.6338228193723549 
0.8549244878944593 0.855915937171514 0.87294380713987 0.8577914956673139 0.7917353252928714 0.42538962804395614 0.528842477898469 0.5819624551004513 0.6970672054847123 0.0 0.4475653771499073 0.723964884507462 0.8202034134280878 0.376526944725465 0.9387520471671643 0.760712565550102 0.5176981854096945 0.3924979998126681 0.35360277471306995 0.20299947259285742 0.4039337368359815 0.4989401128296284 0.24866678500141248 0.2809105600410944 0.398411063996412 
0.42549074454419966 0.432978999915483 0.4349402476976429 0.5362773932211442 0.35016495782061413 0.0499080041022209 0.1272166341558213 0.21262520310673375 0.4567131461744016 0.4475653771499073 0.0 0.30390147526774697 0.3846575551061173 0.07157823987315982 0.6227414298170326 0.5813240121238906 0.3019047294986743 0.6390943698897475 0.6777960802069514 0.2452631087396343 0.29477861661811605 0.11848113039736359 0.5592600125398952 0.6094945886088786 0.6678583263536172 
0.35416382135641505 0.3791622565247519 0.16110682116825856 0.300119071610946 0.10967234115883187 0.3058881718973819 0.32533710602022453 0.15662946830198643 0.3364710171558284 0.723964884507462 0.30390147526774697 0.0 0.3065752486991531 0.3628924399425212 0.37636731259728945 0.471005252037663 0.3178017551540641 0.7997729256004916 0.8708439945809412 0.5246042259241316 0.5779309728302696 0.34954281553406796 0.7671341419886432 0.8155607337813724 0.8346902538662742 
0.04903899862878757 0.07260889190382099 0.2606819618360055 0.5941768995060881 0.21566246972424896 0.42350557628589974 0.29279008886891417 0.40678308715951705 0.6400697996930318 0.8202034134280878 0.3846575551061173 0.3065752486991531 0.0 0.4546624714605181 0.6593677860655037 0.7761425937324953 0.579265431381347 1.0121850347938939 1.059660610146112 0.6236109703041434 0.5179971959512605 0.324261313885258 0.9426256544241268 0.9929305713038249 1.0432630291013094 
0.49440106379307075 0.5005706270099017 0.5014633788832243 0.5698422337308087 0.41791887512430365 0.0586641037163021 0.18179800102856777 0.24930411819730902 0.46768348880785576 0.376526944725465 0.07157823987315982 0.3628924399425212 0.4546624714605181 0.0 0.6564970310703169 0.5832308839042925 0.29614642011880304 0.5788477626271638 0.6118873949433256 0.17387848135924075 0.27657274810448007 0.16266681365968697 0.4922272853073715 0.5422863438382287 0.6061767267878146 
0.7015200656957428 0.7296839462101927 0.41299208844202123 0.08670042040127116 0.444163968635641 0.6001401528046336 0.685488613663379 0.4104044783381187 0.2547246991217889 0.9387520471671643 0.6227414298170326 0.37636731259728945 0.6593677860655037 0.6564970310703169 0.0 0.2866808789404331 0.42129395536996345 0.8474072737385963 0.9482072008736292 0.7714992961470571 0.9171063883596097 0.7036968850397528 0.879900088273624 0.9182012814093767 0.8839155488749767 
0.8243768861810699 0.8484014649093152 0.5857272508932819 0.261147660365038 0.5749456081274319 0.5405315633235593 0.6858815397104704 0.3985278106502337 0.1372491766981377 0.760712565550102 0.5813240121238906 0.471005252037663 0.7761425937324953 0.5832308839042925 0.2866808789404331 0.0 0.2877894409185417 0.5854317658110373 0.6928276311527045 0.6370240474909122 0.8596082287864927 0.6916003457273586 0.6446427869398718 0.6754692637960182 0.6207411423356141 
0.6279383301603023 0.6463200232697237 0.4755330234596291 0.34206005046094823 0.42427446221723697 0.25724048837133756 0.4179676733788004 0.17399758187511113 0.1855531307522855 0.5176981854096945 0.3019047294986743 0.3178017551540641 0.579265431381347 0.29614642011880304 0.42129395536996345 0.2877894409185417 0.0 0.48957750011143164 0.5714663907409876 0.3619166115636036 0.572086289571791 0.41783028523491006 0.4815017774515067 0.5259163697069299 0.5255676892205636 
1.0570157517432224 1.0679937198100613 0.9604422589180738 0.788155011183479 0.899738710926677 0.5936068975437319 0.7605426879184723 0.6446423927966357 0.5970896171755811 0.3924979998126681 0.6390943698897475 0.7997729256004916 1.0121850347938939 0.5788477626271638 0.8474072737385963 0.5854317658110373 0.48957750011143164 0.0 0.11198593594925625 0.45835970247199437 0.7458878640481695 0.7406826468875226 0.14572192926266192 0.13350129042815798 0.036801120705482776 
1.1023695617689697 1.1107321579751739 1.0319149932324854 0.8852367443786807 0.9657844721963359 0.636277976467557 0.7922847205577319 0.714254526719782 0.6952755794941854 0.35360277471306995 0.6777960802069514 0.8708439945809412 1.059660610146112 0.6118873949433256 0.9482072008736292 0.6928276311527045 0.5714663907409876 0.11198593594925625 0.0 0.46793554970577667 0.7398818613991603 0.7690005711585822 0.12165091571053777 0.07524486867143304 0.084429977678288 
0.6608325040361255 0.6642684017675208 0.6708743889549436 0.6870178334197597 0.589038747060642 0.22271933060548996 0.336966902077249 0.3895299827101685 0.5474697297847816 0.20299947259285742 0.2452631087396343 0.5246042259241316 0.6236109703041434 0.17387848135924075 0.7714992961470571 0.6370240474909122 0.3619166115636036 0.45835970247199437 0.46793554970577667 0.0 0.29262967850177246 0.3096907812630558 0.3463183002411697 0.39418809446830755 0.47927851313755504 
0.5368670318332571 0.5274930169866368 0.6761324236742688 0.830786469197569 0.5900818002119398 0.3244559344275179 0.2599305269422382 0.5073738143889649 0.743450617471755 0.4039337368359815 0.29477861661811605 0.5779309728302696 0.5179971959512605 0.27657274810448007 0.9171063883596097 0.8596082287864927 0.572086289571791 0.7458878640481695 0.7398818613991603 0.29262967850177246 0.0 0.23100116676442725 0.6212469649661733 0.6646370145801902 0.7635433053359508 
0.3564346253619877 0.3570025812888317 0.4464822866659712 0.6189508878873178 0.3600116634740016 0.16782824071890654 0.03252437281822849 0.30453035577463533 0.5625407158804617 0.4989401128296284 0.11848113039736359 0.34954281553406796 0.324261313885258 0.16266681365968697 0.7036968850397528 0.6916003457273586 0.41783028523491006 0.7406826468875226 0.7690005711585822 0.3096907812630558 0.23100116676442725 0.0 0.648083250003649 0.6975761322528794 0.7672823742669245 
0.9845636609753126 0.9921539436369693 0.9275652472892204 0.8106651994403987 0.8580244713514256 0.519201386668151 0.6718440421808083 0.6108281392402221 0.6251888949665411 0.24866678500141248 0.5592600125398952 0.7671341419886432 0.9426256544241268 0.4922272853073715 0.879900088273624 0.6446427869398718 0.4815017774515067 0.14572192926266192 0.12165091571053777 0.3463183002411697 0.6212469649661733 0.648083250003649 0.0 0.05030927639002463 0.14983955770386342 
1.0348348500312214 1.0423511829568268 0.9761983324499975 0.8509096098140344 0.9073135702221112 0.5695106006601794 0.7216022540179187 0.6590871745609843 0.663610948463073 0.2809105600410944 0.6094945886088786 0.8155607337813724 0.9929305713038249 0.5422863438382287 0.9182012814093767 0.6754692637960182 0.5259163697069299 0.13350129042815798 0.07524486867143304 0.39418809446830755 0.6646370145801902 0.6975761322528794 0.05030927639002463 0.0 0.12519610993480731 
1.087706748173954 1.0981632420632217 0.9954979676342818 0.8249095581599231 0.9339917311239627 0.6231314916984269 0.7879740952028123 0.6792248655887796 0.6338228193723549 0.398411063996412 0.6678583263536172 0.8346902538662742 1.0432630291013094 0.6061767267878146 0.8839155488749767 0.6207411423356141 0.5255676892205636 0.036801120705482776 0.084429977678288 0.47927851313755504 0.7635433053359508 0.7672823742669245 0.14983955770386342 0.12519610993480731 0.0 
