0.0 0.03894390087301593 0.9238979791284114 0.4777310606564006 0.6349375959878814 0.9057317676078489 0.8845633621780629 0.9474262396100522 0.5971301634269259 0.6821107400110912 0.6788788712807231 0.8929433804920728 0.3102692608984673 0.24528484163919384 1.012827773284793 0.11835226367059529 0.7628696881895651 0.6703429121109752 0.3915844088275371 0.5068025698263274 0.23514087342555545 0.7988160909957295 0.6337392093472457 0.21424172863089527 0.6984478213994025 
0.03894390087301593 0.0 0.933697436618643 0.4541622693076888 0.6660372805215152 0.8801135800036556 0.8772650979433596 0.9498069418966191 0.6331288581922725 0.7027791705848718 0.6985715540566912 0.8828363126797308 0.3443070909386873 0.2830182025816946 1.0156842445271346 0.14518973769669735 0.7342306412055577 0.6754359730398884 0.4263930042622206 0.5394581667452746 0.19655726009247437 0.7705034109754728 0.6059697953872845 0.21760325533830704 0.6692077120836729 
0.9238979791284114 0.933697436618643 0.0 0.738140161545557 0.5823003637999372 0.8517257261302446 0.4002153418165495 0.18214197053206144 0.7438229537746611 0.33953581826487655 0.3255868835184907 0.46599405728787524 0.7418205797345105 0.8338401226365547 0.19510663987941015 0.816874197848087 0.876547984111651 0.2738657391537144 0.7275625245084791 0.647188627668072 1.0301900153109835 0.8811197354318832 0.8198786528046946 0.7174698306766109 0.8707736667911871 
0.4777310606564006 0.4541622693076888 0.738140161545557 0.0 0.8017226451961128 0.42933145145927765 0.5081219018168573 0.6688851805130795 0.8614120290180031 0.6844759319096312 0.6686586618955194 0.4893795246110058 0.6062696779672994 0.6185944846655285 0.7331772619373883 0.4639462694287748 0.30118190560007213 0.4739652872455249 0.6741231319074174 0.7257365075115692 0.4055429390434159 0.333820250752481 0.17224109616381056 0.3388612888058835 0.2451709225387628 
0.6349375959878814 0.6660372805215152 0.5823003637999372 0.8017226451961128 0.0 1.1419653197048274 0.8324942363149392 0.7220177558135166 0.16432191080277603 0.24745768115247885 0.26524332324427513 0.8828473335758994 0.32952099276781277 0.41932863130924874 0.7631995942751816 0.5214425878342915 1.07618264591402 0.5119097853844533 0.2588688638086042 0.13369637449285565 0.8453350823112428 1.0998231694571416 0.9624205154849762 0.5312196055793046 1.0346490451124244 
0.9057317676078489 0.8801135800036556 0.8517257261302446 0.42933145145927765 1.1419653197048274 0.0 0.4641985399108528 0.7012401226055708 1.2361254812771902 0.9587212347745543 0.9389317641291274 0.40199615743362127 1.013266245716 1.0391740605139443 0.7435413499871203 0.8910359292273434 0.16935831357281356 0.6754076987969276 1.071161864424071 1.0967903186808616 0.7947849451268405 0.13483095705586456 0.27889389914182006 0.7596986471963613 0.2329303186703694 
0.8845633621780629 0.8772650979433596 0.4002153418165495 0.5081219018168573 0.8324942363149392 0.4641985399108528 0.0 0.23751562614588426 0.9674196560547408 0.60098216746949 0.580563902268255 0.06581378960842456 0.8381318504703607 0.9039601496114599 0.2806030287388594 0.8120317470935182 0.5260258749944837 0.3214997300691632 0.8640429447578101 0.837385714667458 0.8955976118115608 0.520502869676197 0.5120599910071877 0.6762896325099531 0.540759239364863 
0.9474262396100522 0.9498069418966191 0.18214197053206144 0.6688851805130795 0.7220177558135166 0.7012401226055708 0.23751562614588426 0.0 0.8762481123489703 0.4747542484032964 0.456788560457238 0.3019558882188646 0.8202441802007651 0.9034252991798438 0.0667418538449803 0.852836799729683 0.750634441205694 0.28141662312942006 0.8230714901291044 0.7634795247535827 1.0129738944063877 0.7492959362998167 0.7158299922527174 0.7334592715226861 0.7561148452134835 
0.5971301634269259 0.6331288581922725 0.7438229537746611 0.8614120290180031 0.16432191080277603 1.2361254812771902 0.9674196560547408 0.8762481123489703 0.0 0.4054868095391027 0.42156534080270686 1.013034702211918 0.2925441013437906 0.35559844071086705 0.9206795022609325 0.4979209255412318 1.1517935511661996 0.646416035963699 0.20944179790979958 0.13933920572711825 0.8257086303390007 1.1789486733552303 1.0301686456076702 0.5503461721987019 1.1035774827535856 
0.6821107400110912 0.7027791705848718 0.33953581826487655 0.6844759319096312 0.24745768115247885 0.9587212347745543 0.60098216746949 0.4747542484032964 0.4054868095391027 0.0 0.020568844222946914 0.6563168753051215 0.4355841609965669 0.5332742479616231 0.5160152691972181 0.5646468810240115 0.9214166974434237 0.29077114743352983 0.4034527574813318 0.31008899654800015 0.8468768756085405 0.9391832948487573 0.823690067495554 0.5102830945492789 0.891241134783119 
0.6788788712807231 0.6985715540566912 0.3255868835184907 0.6686586618955194 0.26524332324427513 0.9389317641291274 0.580563902268255 0.456788560457238 0.42156534080270686 0.020568844222946914 0.0 0.6357891597859975 0.4396257323688068 0.5367739533977085 0.4992218506065822 0.5619542760852096 0.9029326944372541 0.27027916225038306 0.4111107953562633 0.32205744314226964 0.8391984125943281 0.9203887258187865 0.8062120016690633 0.5028228560530349 0.8733989105655451 
0.8929433804920728 0.8828363126797308 0.46599405728787524 0.4893795246110058 0.8828473335758994 0.40199615743362127 0.06581378960842456 0.3019558882188646 1.013034702211918 0.6563168753051215 0.6357891597859975 0.0 0.8687280854956403 0.9294972669788413 0.3415542909212697 0.8277040023458142 0.47440189674751376 0.3710297188645773 0.8997595422711421 0.8805442056598617 0.8865889650829065 0.46600438600797406 0.4728613262680457 0.6895733338282591 0.49471652493728785 
0.3102692608984673 0.3443070909386873 0.7418205797345105 0.6062696779672994 0.32952099276781277 1.013266245716 0.8381318504703607 0.8202441802007651 0.2925441013437906 0.4355841609965669 0.4396257323688068 0.8687280854956403 0.0 0.09829940050199763 0.8784751408916864 0.2055664348418425 0.9061609275418887 0.545325439871342 0.08317886366175063 0.19795573607291267 0.5340617156423307 0.9369676485160073 0.778477635544305 0.27311717368517563 0.8514028641084834 
0.24528484163919384 0.2830182025816946 0.8338401226365547 0.6185944846655285 0.41932863130924874 1.0391740605139443 0.9039601496114599 0.9034252991798438 0.35559844071086705 0.5332742479616231 0.5367739533977085 0.9294972669788413 0.09829940050199763 0.0 0.9634264971815828 0.16770648657228093 0.919560840686274 0.6246590180044549 0.16108017294561144 0.28572386063916433 0.4791722786803495 0.9524017129621165 0.7895687301706624 0.28023962692234 0.8609173743406143 
1.012827773284793 1.0156842445271346 0.19510663987941015 0.7331772619373883 0.7631995942751816 0.7435413499871203 0.2806030287388594 0.0667418538449803 0.9206795022609325 0.5160152691972181 0.4992218506065822 0.3415542909212697 0.8784751408916864 0.9634264971815828 0.0 0.9170467124093418 0.8029593901477654 0.34477519154989017 0.877833839105583 0.8127101669423956 1.079698649160669 0.7995703306261891 0.7743082561948605 0.799045124354963 0.8117753209521386 
0.11835226367059529 0.14518973769669735 0.816874197848087 0.4639462694287748 0.5214425878342915 0.8910359292273434 0.8120317470935182 0.852836799729683 0.4979209255412318 0.5646468810240115 0.5619542760852096 0.8277040023458142 0.2055664348418425 0.16770648657228093 0.9170467124093418 0.0 0.7625735758042088 0.5724000842273974 0.2887337551114138 0.3965500425554315 0.3287815213385612 0.7965875772552983 0.6320043747543063 0.13986092118703253 0.7018495740459106 
0.7628696881895651 0.7342306412055577 0.876547984111651 0.30118190560007213 1.07618264591402 0.16935831357281356 0.5260258749944837 0.750634441205694 1.1517935511661996 0.9214166974434237 0.9029326944372541 0.47440189674751376 0.9061609275418887 0.919560840686274 0.8029593901477654 0.7625735758042088 0.0 0.6581608246486967 0.9716083420441397 1.0137980229989987 0.6331521855097951 0.03732176273953623 0.13059680345030855 0.6400362231095588 0.06680281739815115 
0.6703429121109752 0.6754359730398884 0.2738657391537144 0.4739652872455249 0.5119097853844533 0.6754076987969276 0.3214997300691632 0.28141662312942006 0.646416035963699 0.29077114743352983 0.27027916225038306 0.3710297188645773 0.545325439871342 0.6246590180044549 0.34477519154989017 0.5724000842273974 0.6581608246486967 0.0 0.5576199180622883 0.5185406636087134 0.7586415509062429 0.6708268485747336 0.5787351059806453 0.4578750890503286 0.6388264806377839 
0.3915844088275371 0.4263930042622206 0.7275625245084791 0.6741231319074174 0.2588688638086042 1.071161864424071 0.8640429447578101 0.8230714901291044 0.20944179790979958 0.4034527574813318 0.4111107953562633 0.8997595422711421 0.08317886366175063 0.16108017294561144 0.877833839105583 0.2887337551114138 0.9716083420441397 0.5576199180622883 0.0 0.12519345810693636 0.6171060696865331 1.0012184728837572 0.8457123888664766 0.3483079428632301 0.9190272669960293 
0.5068025698263274 0.5394581667452746 0.647188627668072 0.7257365075115692 0.13369637449285565 1.0967903186808616 0.837385714667458 0.7634795247535827 0.13933920572711825 0.31008899654800015 0.32205744314226964 0.8805442056598617 0.19795573607291267 0.28572386063916433 0.8127101669423956 0.3965500425554315 1.0137980229989987 0.5185406636087134 0.12519345810693636 0.0 0.7241358000676672 1.0405359852719531 0.8932596238153383 0.42591329538182654 0.966570985589581 
0.23514087342555545 0.19655726009247437 1.0301900153109835 0.4055429390434159 0.8453350823112428 0.7947849451268405 0.8955976118115608 1.0129738944063877 0.8257086303390007 0.8468768756085405 0.8391984125943281 0.8865889650829065 0.5340617156423307 0.4791722786803495 1.079698649160669 0.3287815213385612 0.6331521855097951 0.7586415509062429 0.6171060696865331 0.7241358000676672 0.0 0.6704736202733425 0.5166411081558423 0.3366032957468663 0.5663769802204952 
0.7988160909957295 0.7705034109754728 0.8811197354318832 0.333820250752481 1.0998231694571416 0.13483095705586456 0.520502869676197 0.7492959362998167 1.1789486733552303 0.9391832948487573 0.9203887258187865 0.46600438600797406 0.9369676485160073 0.9524017129621165 0.7995703306261891 0.7965875772552983 0.03732176273953623 0.6708268485747336 1.0012184728837572 1.0405359852719531 0.6704736202733425 0.0 0.16543114977790963 0.6724898903238353 0.10411831287344009 
0.6337392093472457 0.6059697953872845 0.8198786528046946 0.17224109616381056 0.9624205154849762 0.27889389914182006 0.5120599910071877 0.7158299922527174 1.0301686456076702 0.823690067495554 0.8062120016690633 0.4728613262680457 0.778477635544305 0.7895687301706624 0.7743082561948605 0.6320043747543063 0.13059680345030855 0.5787351059806453 0.8457123888664766 0.8932596238153383 0.5166411081558423 0.16543114977790963 0.0 0.5105269373395679 0.07346363638598463 
0.21424172863089527 0.21760325533830704 0.7174698306766109 0.3388612888058835 0.5312196055793046 0.7596986471963613 0.6762896325099531 0.7334592715226861 0.5503461721987019 0.5102830945492789 0.5028228560530349 0.6895733338282591 0.27311717368517563 0.28023962692234 0.799045124354963 0.13986092118703253 0.6400362231095588 0.4578750890503286 0.3483079428632301 0.42591329538182654 0.3366032957468663 0.6724898903238353 0.5105269373395679 0.0 0.5825697709119805 
0.6984478213994025 0.6692077120836729 0.8707736667911871 0.2451709225387628 1.0346490451124244 0.2329303186703694 0.540759239364863 0.7561148452134835 1.1035774827535856 0.891241134783119 0.8733989105655451 0.49471652493728785 0.8514028641084834 0.8609173743406143 0.8117753209521386 0.7018495740459106 0.06680281739815115 0.6388264806377839 0.9190272669960293 0.966570985589581 0.5663769802204952 0.10411831287344009 0.07346363638598463 0.5825697709119805 0.0 
