0.0 0.388394568516928 0.4878571418218564 0.9935768388939523 0.24962418713627643 0.7832781072468328 0.3815697683592385 0.7396367596062433 0.40578168320555136 0.4276465793247233 0.6219154496823678 0.8561347854092496 0.2700234334763167 0.7318946555450923 0.9425736861682317 0.6059950943384058 0.46131575795536955 1.1537148281988978 1.0457612782526406 0.9332321389904322 0.8753721808726209 0.4167342247894267 0.9497060911938904 0.45388257028912155 0.655774646685431 
0.388394568516928 0.0 0.453455800107233 0.7345980028814755 0.14543515768136966 0.40891339418741446 0.10339055213034733 0.35330845307828923 0.2833556420665364 0.12008625718630844 0.48001492530056045 0.4925014854286449 0.21059866696942328 0.35500091692911734 0.6758892959585912 0.41460245693241576 0.23906344207782843 0.7676428354397996 0.6601558374193448 0.6686339488661068 0.4870104164647621 0.0591903449961952 0.6605643671496871 0.2603152532993987 0.5067704821029612 
0.4878571418218564 0.453455800107233 0.0 1.1822367665975049 0.4619838611652404 0.7855279771767292 0.3514325769192258 0.6261564653381729 0.17059376456085174 0.3553013750106127 0.16815365631202972 0.6226882727961102 0.2871970449229356 0.7334706114050462 1.1227118500894357 0.2104178861883699 0.684670067457916 0.969118509041539 0.8692728502000283 1.1161134503077101 0.7642505019063296 0.413318892798088 1.100512777007852 0.21572922617034912 0.19774044485170508 
0.9935768388939523 0.7345980028814755 1.1822367665975049 0.0 0.790557199425071 0.4773776277965163 0.8325702013626641 0.6808818344119937 1.012076666476322 0.8274838161357446 1.1691709111024453 0.8561392721803975 0.9379781645411361 0.5072338792277145 0.05997832392902403 1.0877058727058675 0.5404993179245122 0.822608428821446 0.77559973268608 0.0661272984540695 0.6445713864564631 0.7691255084077769 0.10830268204592858 0.9725458243857699 1.1871802619770968 
0.24962418713627643 0.14543515768136966 0.4619838611652404 0.790557199425071 0.0 0.5341670356106584 0.18192853560902686 0.49830603214817143 0.3099589169128071 0.22401755519646785 0.535706569241549 0.6347882355375704 0.17544216879066718 0.4824233938157076 0.7350509975462872 0.487651933015355 0.2518246409182311 0.9123728371138708 0.8051021831650879 0.7265542979865149 0.6296353825749778 0.18819121160638236 0.7318557467961848 0.32002871130300664 0.5668529746410945 
0.7832781072468328 0.40891339418741446 0.7855279771767292 0.4773776277965163 0.5341670356106584 0.0 0.47321874298363675 0.2050820872646818 0.6274569384855928 0.4469759788723701 0.7323354885137038 0.3812353010921413 0.6109981892199928 0.05463577456400663 0.42144186043918697 0.6471602354703168 0.38458356115431336 0.4567410577571811 0.36927412152039646 0.4197108567546681 0.19107281782841865 0.40978688523779133 0.37241848255827226 0.5703653617170616 0.7443174053197014 
0.3815697683592385 0.10339055213034733 0.3514325769192258 0.8325702013626641 0.18192853560902686 0.47321874298363675 0.0 0.37308803449418015 0.1808933006376283 0.0462747889248085 0.3796362976707486 0.47456513469793593 0.1422279964992765 0.418615834627392 0.773369877509293 0.31892900190244666 0.34136303679836405 0.7812641209798182 0.6731650392352101 0.7664650014133259 0.5158864104670705 0.06578468440719222 0.7545849907833608 0.15853474994264427 0.40761462181124813 
0.7396367596062433 0.35330845307828923 0.6261564653381729 0.6808818344119937 0.49830603214817143 0.2050820872646818 0.37308803449418015 0.0 0.4863042207318879 0.33316073245548916 0.5475129222606381 0.19511215109941327 0.5142557612117085 0.1759692446773805 0.623859899102166 0.46205340480354634 0.4503346872317397 0.4144104983559553 0.3068483461728917 0.6214428149857523 0.14447434624983596 0.324506588420877 0.5770225820849472 0.42022292228957075 0.5552223533664946 
0.40578168320555136 0.2833556420665364 0.17059376456085174 1.012076666476322 0.3099589169128071 0.6274569384855928 0.1808933006376283 0.4863042207318879 0.0 0.18676896181035615 0.22939850659782324 0.5245023455448402 0.1487382680553608 0.5740886931933222 0.9526444434358253 0.2003725546117239 0.5173110366093329 0.8627158792319699 0.7577146255196039 0.9459493751866896 0.6294717421323122 0.24296218978881876 0.9315767131952164 0.07012102560891492 0.2621078125485609 
0.4276465793247233 0.12008625718630844 0.3553013750106127 0.8274838161357446 0.22401755519646785 0.4469759788723701 0.0462747889248085 0.33316073245548916 0.18676896181035615 0.0 0.36237035555422875 0.4285415063454191 0.1814340289581193 0.3927548467633667 0.7678280439743765 0.2947390325934034 0.35729022939625127 0.7382220659802904 0.630238702350668 0.7613901955013361 0.4769903675886599 0.06424915574848562 0.7452771806985097 0.14711764737510316 0.3880729180131828 
0.6219154496823678 0.48001492530056045 0.16815365631202972 1.1691709111024453 0.535706569241549 0.7323354885137038 0.3796362976707486 0.5475129222606381 0.22939850659782324 0.36237035555422875 0.0 0.4989781104218532 0.377786008232097 0.6851265396854682 1.1092090635227843 0.08558090176233189 0.7189462203520652 0.8427743147801847 0.7493854308021509 1.1038661359791009 0.6727068481838501 0.42661737092443397 1.0778667624836562 0.2213856901046384 0.03385989424259909 
0.8561347854092496 0.4925014854286449 0.6226882727961102 0.8561392721803975 0.6347882355375704 0.3812353010921413 0.47456513469793593 0.19511215109941327 0.5245023455448402 0.4285415063454191 0.4989781104218532 0.0 0.6008912312024024 0.3646190478997018 0.8015834541983248 0.42197211219202135 0.6346143673968284 0.34659998323286434 0.2504077933691281 0.8002989779224685 0.22400031618483185 0.44715821859890587 0.7492570136741785 0.4545525424062278 0.49458401645794836 
0.2700234334763167 0.21059866696942328 0.2871970449229356 0.9379781645411361 0.17544216879066718 0.6109981892199928 0.1422279964992765 0.5142557612117085 0.1487382680553608 0.1814340289581193 0.377786008232097 0.6008912312024024 0.0 0.5563951284973985 0.8802080035230584 0.34553828368050254 0.41269027872085107 0.9189173184401539 0.8110786254891629 0.8724781118521795 0.6576269014877733 0.20163305111995866 0.868463719988464 0.18525637743683027 0.4107153720943591 
0.7318946555450923 0.35500091692911734 0.7334706114050462 0.5072338792277145 0.4824233938157076 0.05463577456400663 0.418615834627392 0.1759692446773805 0.5740886931933222 0.3927548467633667 0.6851265396854682 0.3646190478997018 0.5563951284973985 0.0 0.44941312356992774 0.6003750394042826 0.3470606620055184 0.48332316788764573 0.38901400194271296 0.4465929233096404 0.20206839829471057 0.3551526436248655 0.4055432196738337 0.5179845908781814 0.6983631348074724 
0.9425736861682317 0.6758892959585912 1.1227118500894357 0.05997832392902403 0.7350509975462872 0.42144186043918697 0.773369877509293 0.623859899102166 0.9526444434358253 0.7678280439743765 1.1092090635227843 0.8015834541983248 0.8802080035230584 0.44941312356992774 0.0 1.0277949379804527 0.4863363087118121 0.783276094241427 0.730982717846964 0.010261969420692862 0.59303836803097 0.7097268160711808 0.06600210540511596 0.9127359224606983 1.127272197251298 
0.6059950943384058 0.41460245693241576 0.2104178861883699 1.0877058727058675 0.487651933015355 0.6471602354703168 0.31892900190244666 0.46205340480354634 0.2003725546117239 0.2947390325934034 0.08558090176233189 0.42197211219202135 0.34553828368050254 0.6003750394042826 1.0277949379804527 0.0 0.6516163078973376 0.7678970295660642 0.671828521935742 1.0226734320282496 0.5885017652046493 0.35838122916234816 0.9951278849938893 0.16777331597111558 0.0994820459832107 
0.46131575795536955 0.23906344207782843 0.684670067457916 0.5404993179245122 0.2518246409182311 0.38458356115431336 0.34136303679836405 0.4503346872317397 0.5173110366093329 0.35729022939625127 0.7189462203520652 0.6346143673968284 0.41269027872085107 0.3470606620055184 0.4863363087118121 0.6516163078973376 0.0 0.8283175338703925 0.7296322934645565 0.4774860506590231 0.5406989506266006 0.29329317339444416 0.4890035684179485 0.49929582755694807 0.7452775619358524 
1.1537148281988978 0.7676428354397996 0.969118509041539 0.822608428821446 0.9123728371138708 0.4567410577571811 0.7812641209798182 0.4144104983559553 0.8627158792319699 0.7382220659802904 0.8427743147801847 0.34659998323286434 0.9189173184401539 0.48332316788764573 0.783276094241427 0.7678970295660642 0.8283175338703925 0.0 0.10815355870715299 0.7864527713201602 0.28956878008342823 0.7375045237891624 0.7185635233044169 0.7926815079254534 0.835648320523802 
1.0457612782526406 0.6601558374193448 0.8692728502000283 0.77559973268608 0.8051021831650879 0.36927412152039646 0.6731650392352101 0.3068483461728917 0.7577146255196039 0.630238702350668 0.7493854308021509 0.2504077933691281 0.8110786254891629 0.38901400194271296 0.730982717846964 0.671828521935742 0.7296322934645565 0.10815355870715299 0.0 0.7329227795576826 0.18898153610418228 0.6294297328773323 0.6685348760514636 0.6878389664667739 0.7446383542582778 
0.9332321389904322 0.6686339488661068 1.1161134503077101 0.0661272984540695 0.7265542979865149 0.4197108567546681 0.7664650014133259 0.6214428149857523 0.9459493751866896 0.7613901955013361 1.1038661359791009 0.8002989779224685 0.8724781118521795 0.4465929233096404 0.010261969420692862 1.0226734320282496 0.4774860506590231 0.7864527713201602 0.7329227795576826 0.0 0.5929917577827987 0.7029985518265542 0.07147512284194822 0.9065375566463736 1.1221553619806757 
0.8753721808726209 0.4870104164647621 0.7642505019063296 0.6445713864564631 0.6296353825749778 0.19107281782841865 0.5158864104670705 0.14447434624983596 0.6294717421323122 0.4769903675886599 0.6727068481838501 0.22400031618483185 0.6576269014877733 0.20206839829471057 0.59303836803097 0.5885017652046493 0.5406989506266006 0.28956878008342823 0.18898153610418228 0.5929917577827987 0.0 0.46428145156315626 0.536447927455271 0.5624383024821666 0.676282715686994 
0.4167342247894267 0.0591903449961952 0.413318892798088 0.7691255084077769 0.18819121160638236 0.40978688523779133 0.06578468440719222 0.324506588420877 0.24296218978881876 0.06424915574848562 0.42661737092443397 0.44715821859890587 0.20163305111995866 0.3551526436248655 0.7097268160711808 0.35838122916234816 0.29329317339444416 0.7375045237891624 0.6294297328773323 0.7029985518265542 0.46428145156315626 0.0 0.6897434877251715 0.21015022475876274 0.4522533677832015 
0.9497060911938904 0.6605643671496871 1.100512777007852 0.10830268204592858 0.7318557467961848 0.37241848255827226 0.7545849907833608 0.5770225820849472 0.9315767131952164 0.7452771806985097 1.0778667624836562 0.7492570136741785 0.868463719988464 0.4055432196738337 0.06600210540511596 0.9951278849938893 0.4890035684179485 0.7185635233044169 0.6685348760514636 0.07147512284194822 0.536447927455271 0.6897434877251715 0.0 0.8878864648655374 1.094407055501821 
0.45388257028912155 0.2603152532993987 0.21572922617034912 0.9725458243857699 0.32002871130300664 0.5703653617170616 0.15853474994264427 0.42022292228957075 0.07012102560891492 0.14711764737510316 0.2213856901046384 0.4545525424062278 0.18525637743683027 0.5179845908781814 0.9127359224606983 0.16777331597111558 0.49929582755694807 0.7926815079254534 0.6878389664667739 0.9065375566463736 0.5624383024821666 0.21015022475876274 0.8878864648655374 0.0 0.2502273420670382 
0.655774646685431 0.5067704821029612 0.19774044485170508 1.1871802619770968 0.5668529746410945 0.7443174053197014 0.40761462181124813 0.5552223533664946 0.2621078125485609 0.3880729180131828 0.03385989424259909 0.49458401645794836 0.4107153720943591 0.6983631348074724 1.127272197251298 0.0994820459832107 0.7452775619358524 0.835648320523802 0.7446383542582778 1.1221553619806757 0.676282715686994 0.4522533677832015 1.094407055501821 0.2502273420670382 0.0 
