0.0 0.4428175063737633 0.49550261943979673 0.4167878911097354 0.08840268149736344 0.3910354726912615 0.6810271325977498 0.09980909799068134 0.44229824988591165 0.17943954255849415 0.39102215453777467 0.5862333847745262 0.3820522096743369 0.7964603594281859 0.153130477391854 0.2721824669677648 0.6834330095666498 0.9532324192001718 0.4285668999807323 0.8072049794121756 0.18986334872959232 0.4174688953812428 0.18847629845415081 0.5529261363615369 0.2775974464732353 
0.4428175063737633 0.0 0.6722083176028668 0.762057277138158 0.5312197938044034 0.4268058001307764 0.3315084784143806 0.45455319456869425 0.279133986336047 0.5603741145829387 0.27195003202723633 0.2602274154525426 0.6045893906513599 0.6233929721584022 0.32130317759805843 0.5864712644285487 0.3675633733370347 0.5318038014710502 0.7444812236799658 0.42265406050530935 0.31946144484048683 0.6346085120249034 0.5932002974369676 0.6925885206889275 0.2505568956750079 
0.49550261943979673 0.6722083176028668 0.0 0.8675164087372069 0.5015747955293693 0.8615619903136588 1.0003280033200517 0.39571142505312235 0.4325203624050064 0.3546717079919326 0.8006403194573171 0.918355036574303 0.11520750423344917 1.2274114987805944 0.5916504153882268 0.24689519643241942 1.0282610936631724 0.9798333339017276 0.8953739734592351 0.7954738236236453 0.4071538126216314 0.9115759185520615 0.3852574082356231 0.0677185097086304 0.6858648921578444 
0.4167878911097354 0.762057277138158 0.8675164087372069 0.0 0.3731218055129347 0.4265471809433302 0.8614486639077816 0.5016398152259367 0.8480645379848536 0.5129845076064157 0.5585614289720963 0.7773579097526423 0.7535041678613698 0.7880215994214266 0.453686330344053 0.6207817554595909 0.8344647497550534 1.2935593947537638 0.05638502327654722 1.174613074484603 0.6016857885949107 0.21472391370085708 0.48367859556728554 0.9323076085530266 0.5154103719508665 
0.08840268149736344 0.5312197938044034 0.5015747955293693 0.3731218055129347 0.0 0.4402629331271678 0.7623965571792521 0.1331199676372514 0.5159858625059295 0.15160976486350108 0.46419991488366824 0.6675172354561024 0.38640966822339784 0.8544049081127659 0.2333156284838293 0.259459916127631 0.7616582445814386 1.0395568020850297 0.39551112012786843 0.8905738887132593 0.26438849256100505 0.4188013520586954 0.13929299266483583 0.5641638277631429 0.3560750933623116 
0.3910354726912615 0.4268058001307764 0.8615619903136588 0.4265471809433302 0.4402629331271678 0.0 0.4372135551035347 0.4811596966652812 0.6296649753865408 0.5701974633721564 0.16112635104059594 0.3584368981383945 0.755026373840791 0.41689397218158714 0.27000068054279464 0.660275327623785 0.40797145395669054 0.9279256790569971 0.387266123022689 0.8454741811989819 0.46483907661898893 0.23652650633930683 0.573728598504721 0.9098213402636736 0.20499359333090858 
0.6810271325977498 0.3315084784143806 1.0003280033200517 0.8614486639077816 0.7623965571792521 0.4372135551035347 0.0 0.7282578770291674 0.6061045105075955 0.8370787872350586 0.3132836670888862 0.09488262019787995 0.9250801525466125 0.362517171270144 0.5292526542052614 0.8866903079133788 0.05982130183596844 0.584330995664616 0.824254681454338 0.5797938176262447 0.6202315529694337 0.67153052624866 0.8608506074834413 1.0233776529545995 0.40683912162631775 
0.09980909799068134 0.45455319456869425 0.39571142505312235 0.5016398152259367 0.1331199676372514 0.4811596966652812 0.7282578770291674 0.0 0.3914084100685083 0.10898030376373895 0.4590105390225204 0.6348568705015813 0.2825110046032629 0.8768616648860003 0.2220422118528036 0.17948228446924597 0.737889810476718 0.936146189461147 0.5189887865347439 0.7782881587640013 0.1489387201640804 0.5169216593578959 0.1386476625342319 0.4532794973126926 0.34059334829990245 
0.44229824988591165 0.279133986336047 0.4325203624050064 0.8480645379848536 0.5159858625059295 0.6296649753865408 0.6061045105075955 0.3914084100685083 0.0 0.46522013298628917 0.5042524535753182 0.5392955780913425 0.3982208220823686 0.897321291168914 0.4095405269207628 0.4376623394518309 0.6457718389784796 0.5756728412848137 0.8487820148076529 0.4015880516425639 0.2527657917524963 0.7848499966278669 0.5081282925738826 0.4372475274816429 0.4247628293423286 
0.17943954255849415 0.5603741145829387 0.3546717079919326 0.5129845076064157 0.15160976486350108 0.5701974633721564 0.8370787872350586 0.10898030376373895 0.46522013298628917 0.0 0.5630471579295474 0.7435202869883416 0.24054437833249281 0.9750611639148427 0.32384180385467964 0.1088731990132527 0.845959580502173 1.0270226836818181 0.5410423971933929 0.8626011344556531 0.24561737838022413 0.5701484147403859 0.044015464729697376 0.4193508326613831 0.4457101875776234 
0.39102215453777467 0.27195003202723633 0.8006403194573171 0.5585614289720963 0.46419991488366824 0.16112635104059594 0.3132836670888862 0.4590105390225204 0.5042524535753182 0.5630471579295474 0.0 0.22254491356600517 0.7045928931640121 0.4270247480894716 0.23948717324217594 0.6339267219577988 0.30153340488719205 0.7671736013773396 0.5273256654218443 0.6859098793780688 0.39357146109244645 0.39018044284076253 0.5786858733704741 0.839999885456282 0.11898816429749624 
0.5862333847745262 0.2602274154525426 0.918355036574303 0.7773579097526423 0.6675172354561024 0.3584368981383945 0.09488262019787995 0.6348568705015813 0.5392955780913425 0.7435202869883416 0.22254491356600517 0.0 0.839024674501919 0.3783066224380393 0.43437231921741676 0.795650449042876 0.10992891028506664 0.6076638663864261 0.7426725398012043 0.5734511126665154 0.5309286875733094 0.59487082325692 0.7666586677166795 0.9446795814354977 0.31206699485858813 
0.3820522096743369 0.6045893906513599 0.11520750423344917 0.7535041678613698 0.38640966822339784 0.755026373840791 0.9250801525466125 0.2825110046032629 0.3982208220823686 0.24054437833249281 0.7045928931640121 0.839024674501919 0.0 1.1313825064664036 0.486226821539118 0.13458244113402285 0.9482912801501227 0.9684756697240894 0.7805752633619585 0.7878878033507901 0.3131921031715086 0.7970613257453898 0.27325378578985277 0.1788074415201762 0.5874717269297761 
0.7964603594281859 0.6233929721584022 1.2274114987805944 0.7880215994214266 0.8544049081127659 0.41689397218158714 0.362517171270144 0.8768616648860003 0.897321291168914 0.9750611639148427 0.4270247480894716 0.3783066224380393 1.1313825064664036 0.0 0.6549560372225609 1.0551345067969173 0.3029422085447131 0.9419374457738655 0.7362127567797431 0.9409698018397514 0.8205167365785592 0.5733144536767355 0.9836943348216057 1.2653160857329775 0.544082485219549 
0.153130477391854 0.32130317759805843 0.5916504153882268 0.453686330344053 0.2333156284838293 0.27000068054279464 0.5292526542052614 0.2220422118528036 0.4095405269207628 0.32384180385467964 0.23948717324217594 0.43437231921741676 0.486226821539118 0.6549560372225609 0.0 0.40028969568253747 0.5303893679350207 0.850081054811409 0.44599252026686037 0.722105891832724 0.19968699857410188 0.37657969273915637 0.3394532597930852 0.6400218109777062 0.1244692405684994 
0.2721824669677648 0.5864712644285487 0.24689519643241942 0.6207817554595909 0.259459916127631 0.660275327623785 0.8866903079133788 0.17948228446924597 0.4376623394518309 0.1088731990132527 0.6339267219577988 0.795650449042876 0.13458244113402285 1.0551345067969173 0.40028969568253747 0.0 0.9019986880445394 1.0122186001823597 0.6497413771231945 0.8391124659628934 0.2687968133048516 0.6766056387574232 0.13874874961350261 0.312599682352133 0.5149455712243418 
0.6834330095666498 0.3675633733370347 1.0282610936631724 0.8344647497550534 0.7616582445814386 0.40797145395669054 0.05982130183596844 0.737889810476718 0.6457718389784796 0.845959580502173 0.30153340488719205 0.10992891028506664 0.9482912801501227 0.3029422085447131 0.5303893679350207 0.9019986880445394 0.0 0.6437173847562061 0.7946512159896548 0.638611213506686 0.6390192877587538 0.6380681828046174 0.8670973215848901 1.054506926040068 0.406094876353092 
0.9532324192001718 0.5318038014710502 0.9798333339017276 1.2935593947537638 1.0395568020850297 0.9279256790569971 0.584330995664616 0.936146189461147 0.5756728412848137 1.0270226836818181 0.7671736013773396 0.6076638663864261 0.9684756697240894 0.9419374457738655 0.850081054811409 1.0122186001823597 0.6437173847562061 0.0 1.274233117997008 0.18512614531759447 0.7872201063897293 1.1540126613349624 1.0674142119908951 0.9631151404554562 0.7793209352546563 
0.4285668999807323 0.7444812236799658 0.8953739734592351 0.05638502327654722 0.39551112012786843 0.387266123022689 0.824254681454338 0.5189887865347439 0.8487820148076529 0.5410423971933929 0.5273256654218443 0.7426725398012043 0.7805752633619585 0.7362127567797431 0.44599252026686037 0.6497413771231945 0.7946512159896548 1.274233117997008 0.0 1.1616581940135966 0.6075981017182357 0.16432053432220783 0.5149320835252553 0.9590062728572021 0.49495670692219107 
0.8072049794121756 0.42265406050530935 0.7954738236236453 1.174613074484603 0.8905738887132593 0.8454741811989819 0.5797938176262447 0.7782881587640013 0.4015880516425639 0.8626011344556531 0.6859098793780688 0.5734511126665154 0.7878878033507901 0.9409698018397514 0.722105891832724 0.8391124659628934 0.638611213506686 0.18512614531759447 1.1616581940135966 0.0 0.630295056227834 1.057191441745842 0.9043995100616622 0.7780128820084512 0.6719292558403873 
0.18986334872959232 0.31946144484048683 0.4071538126216314 0.6016857885949107 0.26438849256100505 0.46483907661898893 0.6202315529694337 0.1489387201640804 0.2527657917524963 0.24561737838022413 0.39357146109244645 0.5309286875733094 0.3131921031715086 0.8205167365785592 0.19968699857410188 0.2687968133048516 0.6390192877587538 0.7872201063897293 0.6075981017182357 0.630295056227834 0.0 0.5666832291040422 0.2828754039558841 0.4489112832811373 0.2791043574436138 
0.4174688953812428 0.6346085120249034 0.9115759185520615 0.21472391370085708 0.4188013520586954 0.23652650633930683 0.67153052624866 0.5169216593578959 0.7848499966278669 0.5701484147403859 0.39018044284076253 0.59487082325692 0.7970613257453898 0.5733144536767355 0.37657969273915637 0.6766056387574232 0.6380681828046174 1.1540126613349624 0.16432053432220783 1.057191441745842 0.5666832291040422 0.0 0.555497483198675 0.9701810353356499 0.38628216714705427 
0.18847629845415081 0.5932002974369676 0.3852574082356231 0.48367859556728554 0.13929299266483583 0.573728598504721 0.8608506074834413 0.1386476625342319 0.5081282925738826 0.044015464729697376 0.5786858733704741 0.7666586677166795 0.27325378578985277 0.9836943348216057 0.3394532597930852 0.13874874961350261 0.8670973215848901 1.0674142119908951 0.5149320835252553 0.9043995100616622 0.2828754039558841 0.555497483198675 0.0 0.4512919540119408 0.4633041472425736 
0.5529261363615369 0.6925885206889275 0.0677185097086304 0.9323076085530266 0.5641638277631429 0.9098213402636736 1.0233776529545995 0.4532794973126926 0.4372475274816429 0.4193508326613831 0.839999885456282 0.9446795814354977 0.1788074415201762 1.2653160857329775 0.6400218109777062 0.312599682352133 1.054506926040068 0.9631151404554562 0.9590062728572021 0.7780128820084512 0.4489112832811373 0.9701810353356499 0.4512919540119408 0.0 0.7277471958834296 
0.2775974464732353 0.2505568956750079 0.6858648921578444 0.5154103719508665 0.3560750933623116 0.20499359333090858 0.40683912162631775 0.34059334829990245 0.4247628293423286 0.4457101875776234 0.11898816429749624 0.31206699485858813 0.5874717269297761 0.544082485219549 0.1244692405684994 0.5149455712243418 0.406094876353092 0.7793209352546563 0.49495670692219107 0.6719292558403873 0.2791043574436138 0.38628216714705427 0.4633041472425736 0.7277471958834296 0.0 
