0.0 0.9234817290974392 0.18116166809482018 0.8827228515648948 0.29193608387807024 0.23500483259685248 0.7633957228180985 0.4176599531335594 0.872787085653837 0.309243090435728 0.5957908322519033 0.47045811119939734 0.4178385010134993 0.7318378382058948 0.8738492389515331 0.922579375432701 0.8145619175215526 0.8664683657190743 0.37519392713315625 0.7689877739206976 0.6027190910724591 0.886849143643255 0.689463430488942 0.8992450649686816 1.0513067863906649 
0.9234817290974392 0.0 0.8068792507699872 0.19478950843952647 0.6785645117670566 0.763819854787122 0.5350081529451088 0.717067846848562 0.15377161663652747 0.7076608241375975 0.5718732930455191 0.47944266370918776 0.514057505573774 0.27410939501079523 0.3792547482641607 0.3493501370310747 0.13014584634266385 0.8545317288429704 0.7369267574030409 0.23432476926019655 0.8615642756581471 0.0511300435610823 0.8985937303913174 0.6683063774938807 0.1313150080955335 
0.18116166809482018 0.8068792507699872 0.0 0.8003902033925955 0.2955828629892982 0.28931579729496565 0.75614714075035 0.46612599089153955 0.7344553446368517 0.34132116866884415 0.417581202641113 0.3305972317048209 0.2939316891813127 0.6576778899117143 0.7081634328934717 0.7601435840514491 0.6876351461053629 0.9225277671693151 0.430442040510225 0.6259250683056797 0.6869050095265962 0.776689665903204 0.7740303394176788 0.9125838284838128 0.9377765132560776 
0.8827228515648948 0.19478950843952647 0.8003902033925955 0.0 0.6065332343077655 0.6879370038217144 0.35216499482771463 0.5988425257451778 0.32586399871138605 0.6207374088617031 0.6658185167368799 0.5026587911094651 0.5133857579913552 0.15250681128559238 0.5468084516948702 0.5280974670854116 0.2571942881147118 0.6669440815150945 0.6271559392481117 0.36245825510130303 0.7054504504033421 0.15200188774467027 0.7313511658217097 0.4747198286707696 0.24225321288783544 
0.29193608387807024 0.6785645117670566 0.2955828629892982 0.6065332343077655 0.0 0.08532072711622256 0.4757475485993031 0.1774237831183547 0.6630463659692902 0.058824260766852855 0.5388601583232481 0.31669132303764574 0.25092596793195354 0.45402764281239755 0.7303578216598011 0.7657307718994386 0.5890744642602718 0.6282335441263176 0.1502910879076773 0.5752347432206392 0.4099054520809819 0.6355808215552646 0.49423683621351805 0.6225142469229797 0.7989547785684965 
0.23500483259685248 0.763819854787122 0.28931579729496565 0.6879370038217144 0.08532072711622256 0.0 0.5303696884721616 0.1863082483935595 0.7470475473661385 0.07574827745887049 0.594979811598745 0.38803741624730287 0.32242010654871617 0.5355578682939246 0.8063208089520211 0.8439630255529419 0.6739603356783203 0.6428409625553104 0.14597420633458963 0.6573011337070116 0.39769293985260906 0.7206381261182191 0.4849538360861476 0.6643354869898719 0.8837856875484119 
0.7633957228180985 0.5350081529451088 0.75614714075035 0.35216499482771463 0.4757475485993031 0.5303696884721616 0.0 0.36831955552832646 0.6299782798133844 0.45486244778199936 0.8124688107006929 0.5775314532171586 0.5459425505666651 0.2832199627747004 0.8187514697486598 0.8192371819079182 0.5431592043659211 0.3208132991602929 0.4096851500524797 0.6159174346903481 0.38005587583288036 0.4852420460792631 0.38836113924097915 0.1746589864368685 0.5931337994260119 
0.4176599531335594 0.717067846848562 0.46612599089153955 0.5988425257451778 0.1774237831183547 0.1863082483935595 0.36831955552832646 0.0 0.7384961445497352 0.12495579466843931 0.6980399781888803 0.4595469354063195 0.397771236800966 0.45489889091023794 0.8474501723572708 0.873844588085743 0.6546875027811149 0.45781819496803444 0.04318893739882612 0.6690403175894793 0.23448557383102517 0.6684345664440767 0.3173312725282375 0.4849278119312287 0.8221044846408356 
0.872787085653837 0.15377161663652747 0.7344553446368517 0.32586399871138605 0.6630463659692902 0.7470475473661385 0.6299782798133844 0.7384961445497352 0.0 0.7027526046249652 0.4412733970822685 0.40532670100445134 0.4550124769683928 0.3480357760540076 0.22624029751261807 0.20225571289914157 0.0889192995867124 0.9498271860735159 0.7500022493497995 0.11087219414502 0.9146262069192614 0.17736052549193168 0.9635590755508078 0.7808916947667022 0.25638299518644636 
0.309243090435728 0.7076608241375975 0.34132116866884415 0.6207374088617031 0.058824260766852855 0.07574827745887049 0.45486244778199936 0.12495579466843931 0.7027526046249652 0.0 0.5971802021836882 0.3716082145149862 0.30624634169592346 0.4690410029253595 0.7810994760453194 0.8144225625339305 0.6255267670856868 0.5816287679099106 0.09303953564265965 0.6194838346073712 0.3536351636001553 0.6626725612505242 0.43892230370843066 0.5915189578855446 0.8241123403918347 
0.5957908322519033 0.5718732930455191 0.417581202641113 0.6658185167368799 0.5388601583232481 0.594979811598745 0.8124688107006929 0.6980399781888803 0.4412733970822685 0.5971802021836882 0.0 0.24673014105607544 0.30182728904913225 0.5797877308984161 0.32044561707774727 0.37990832023006577 0.4432615866277998 1.0832393725018628 0.6831822378920525 0.3387043044673926 0.9290765147616309 0.5668167875509778 1.0054349627922192 0.9870850208406906 0.6934997994801227 
0.47045811119939734 0.47944266370918776 0.3305972317048209 0.5026587911094651 0.31669132303764574 0.38803741624730287 0.5775314532171586 0.4595469354063195 0.40532670100445134 0.3716082145149862 0.24673014105607544 0.0 0.06587909860293825 0.3812986665624661 0.42006001950352306 0.46169429950215674 0.357460571606097 0.8374409107524081 0.4500109505716569 0.2990472110091726 0.6865887198053504 0.45325881586024225 0.7608621382196326 0.7516982945325436 0.6107493731687628 
0.4178385010134993 0.514057505573774 0.2939316891813127 0.5133857579913552 0.25092596793195354 0.32242010654871617 0.5459425505666651 0.397771236800966 0.4550124769683928 0.30624634169592346 0.30182728904913225 0.06587909860293825 0.0 0.37961265040793285 0.4846381372547799 0.5247230429573023 0.3986493216862305 0.7904518336414484 0.38627137964623914 0.3528026140190175 0.6274108869566237 0.4828279944873779 0.7036731353579094 0.7182491017057242 0.6445473177843162 
0.7318378382058948 0.27410939501079523 0.6576778899117143 0.15250681128559238 0.45402764281239755 0.5355578682939246 0.2832199627747004 0.45489889091023794 0.3480357760540076 0.4690410029253595 0.5797877308984161 0.3812986665624661 0.37961265040793285 0.0 0.5378347982365278 0.5361965724940312 0.2603594351178888 0.6019665756623978 0.4803194190435573 0.3356406077876387 0.5874552841298761 0.22312679152724207 0.6261361370156612 0.44319738740891557 0.36792223237289784 
0.8738492389515331 0.3792547482641607 0.7081634328934717 0.5468084516948702 0.7303578216598011 0.8063208089520211 0.8187514697486598 0.8474501723572708 0.22624029751261807 0.7810994760453194 0.32044561707774727 0.42006001950352306 0.4846381372547799 0.5378347982365278 0.0 0.06101160086823164 0.29116660037079695 1.1312380000560394 0.8481313134059387 0.20284476730601173 1.052591539722391 0.4025282935699771 1.1133138544338852 0.9808325779806075 0.46493004556995937 
0.922579375432701 0.3493501370310747 0.7601435840514491 0.5280974670854116 0.7657307718994386 0.8439630255529419 0.8192371819079182 0.873844588085743 0.20225571289914157 0.8144225625339305 0.37990832023006577 0.46169429950215674 0.5247230429573023 0.5361965724940312 0.06101160086823164 0.0 0.2796168595805596 1.1356906369574546 0.8772461294244489 0.210627786568365 1.0719120045925132 0.37897964990627525 1.1291723291729787 0.9765119260587382 0.4223125136794686 
0.8145619175215526 0.13014584634266385 0.6876351461053629 0.2571942881147118 0.5890744642602718 0.6739603356783203 0.5431592043659211 0.6546875027811149 0.0889192995867124 0.6255267670856868 0.4432615866277998 0.357460571606097 0.3986493216862305 0.2603594351178888 0.29116660037079695 0.2796168595805596 0.0 0.8623180411597094 0.6680897385796453 0.11051272950277052 0.8265547449089014 0.12605300745839124 0.8747824695746167 0.6972823136717043 0.25866814505105784 
0.8664683657190743 0.8545317288429704 0.9225277671693151 0.6669440815150945 0.6282335441263176 0.6428409625553104 0.3208132991602929 0.45781819496803444 0.9498271860735159 0.5816287679099106 1.0832393725018628 0.8374409107524081 0.7904518336414484 0.6019665756623978 1.1312380000560394 1.1356906369574546 0.8623180411597094 0.0 0.4968695459435609 0.9289402230564191 0.2818503491783494 0.8052663044664471 0.21410694024077206 0.21660580565161844 0.9031271523765496 
0.37519392713315625 0.7369267574030409 0.430442040510225 0.6271559392481117 0.1502910879076773 0.14597420633458963 0.4096851500524797 0.04318893739882612 0.7500022493497995 0.09303953564265965 0.6831822378920525 0.4500109505716569 0.38627137964623914 0.4803194190435573 0.8481313134059387 0.8772461294244489 0.6680897385796453 0.4968695459435609 0.0 0.6755117859564678 0.2606300751436941 0.6892209589443612 0.34620196765325567 0.5281167336918978 0.8456208077614786 
0.7689877739206976 0.23432476926019655 0.6259250683056797 0.36245825510130303 0.5752347432206392 0.6573011337070116 0.6159174346903481 0.6690403175894793 0.11087219414502 0.6194838346073712 0.3387043044673926 0.2990472110091726 0.3528026140190175 0.3356406077876387 0.20284476730601173 0.210627786568365 0.11051272950277052 0.9289402230564191 0.6755117859564678 0.0 0.8620385733276703 0.23645673255253621 0.9185764166660471 0.7788374784132259 0.3550158571115913 
0.6027190910724591 0.8615642756581471 0.6869050095265962 0.7054504504033421 0.4099054520809819 0.39769293985260906 0.38005587583288036 0.23448557383102517 0.9146262069192614 0.3536351636001553 0.9290765147616309 0.6865887198053504 0.6274108869566237 0.5874552841298761 1.052591539722391 1.0719120045925132 0.8265547449089014 0.2818503491783494 0.2606300751436941 0.8620385733276703 0.0 0.8105565515212223 0.08755033856060589 0.4069039338072136 0.9457240987810667 
0.886849143643255 0.0511300435610823 0.776689665903204 0.15200188774467027 0.6355808215552646 0.7206381261182191 0.4852420460792631 0.6684345664440767 0.17736052549193168 0.6626725612505242 0.5668167875509778 0.45325881586024225 0.4828279944873779 0.22312679152724207 0.4025282935699771 0.37897964990627525 0.12605300745839124 0.8052663044664471 0.6892209589443612 0.23645673255253621 0.8105565515212223 0.0 0.8474781413048545 0.6217325364138196 0.16468178859610455 
0.689463430488942 0.8985937303913174 0.7740303394176788 0.7313511658217097 0.49423683621351805 0.4849538360861476 0.38836113924097915 0.3173312725282375 0.9635590755508078 0.43892230370843066 1.0054349627922192 0.7608621382196326 0.7036731353579094 0.6261361370156612 1.1133138544338852 1.1291723291729787 0.8747824695746167 0.21410694024077206 0.34620196765325567 0.9185764166660471 0.08755033856060589 0.8474781413048545 0.0 0.37615624575337453 0.9735127599158783 
0.8992450649686816 0.6683063774938807 0.9125838284838128 0.4747198286707696 0.6225142469229797 0.6643354869898719 0.1746589864368685 0.4849278119312287 0.7808916947667022 0.5915189578855446 0.9870850208406906 0.7516982945325436 0.7182491017057242 0.44319738740891557 0.9808325779806075 0.9765119260587382 0.6972823136717043 0.21660580565161844 0.5281167336918978 0.7788374784132259 0.4069039338072136 0.6217325364138196 0.37615624575337453 0.0 0.7015740422129699 
1.0513067863906649 0.1313150080955335 0.9377765132560776 0.24225321288783544 0.7989547785684965 0.8837856875484119 0.5931337994260119 0.8221044846408356 0.25638299518644636 0.8241123403918347 0.6934997994801227 0.6107493731687628 0.6445473177843162 0.36792223237289784 0.46493004556995937 0.4223125136794686 0.25866814505105784 0.9031271523765496 0.8456208077614786 0.3550158571115913 0.9457240987810667 0.16468178859610455 0.9735127599158783 0.7015740422129699 0.0 
