0.0 0.5478258244302693 0.9223935602655252 0.5945576209812461 0.9619018435459927 1.1272534062632205 0.30792378771190654 0.8124347844011102 0.12625340893314077 0.36521105107809293 0.7328106170529134 0.8075793155225147 0.814379089605875 0.8172697899703307 1.1046096122508922 0.5171269778912028 0.6672064759216099 0.7030836610227381 0.9212708735942362 0.11189514797726167 0.8637239481931237 0.9847413304190533 0.5188702886945418 0.6332086903673307 0.847193482386119 
0.5478258244302693 0.0 0.7809974926819646 0.48997072217088267 0.944572163596049 0.9351322194419565 0.44647428786886495 1.0244177717132479 0.476242722069562 0.20139242987079747 0.3023632698455695 0.3625136366479162 0.9248957484038942 0.9717178512323823 0.8759436616752582 0.4672458965960929 0.34595073452195463 0.2807731057722462 0.5358470785240839 0.49448269259411254 0.9665264947067044 0.9634792361660679 0.036917774841105803 0.10233279212653053 0.8131578854387121 
0.9223935602655252 0.7809974926819646 0.0 0.3402273089781872 0.23191753756043187 0.2077971882056952 0.6151324885841242 0.5759556305665664 0.9677952808841329 0.722841428057922 0.5407809800475714 0.5417224696314011 0.39634706378698475 0.4735257637956332 0.2116292461791058 0.4110181979624902 0.44076818792400346 0.5427774313164985 0.4187140538487579 0.9730890233462105 0.3993528342536757 0.23905979192526158 0.7572404471640091 0.7314107362618743 0.16827613242803438 
0.5945576209812461 0.48997072217088267 0.3402273089781872 0.0 0.45908861809909673 0.5376295240382305 0.2881658822869628 0.5765124836060014 0.6297448653851195 0.39082286162900876 0.35658562450446135 0.4039463707990558 0.4468003893913285 0.5043808198697826 0.5102221663165402 0.07853661654454305 0.22473047298365195 0.34007924560369024 0.40956072441274743 0.6360519403094763 0.48412992613342665 0.479239035176844 0.45927144821025034 0.4722242019330707 0.3269350869317078 
0.9619018435459927 0.944572163596049 0.23191753756043187 0.45908861809909673 0.0 0.3319945208788442 0.673487113624479 0.3993852710222508 1.033305009030815 0.8453204727622973 0.7433465230981491 0.7560856478143163 0.23047879218796444 0.29808322167142354 0.3861636262898109 0.5055646429107057 0.6270475994516599 0.7398268381307967 0.6481233876699061 1.0342939329156948 0.20921940564415917 0.02284393894807851 0.9157287944276536 0.9123272799081115 0.13215403071697934 
1.1272534062632205 0.9351322194419565 0.2077971882056952 0.5376295240382305 0.3319945208788442 0.0 0.8194095385093504 0.727442385029082 1.1673553344674226 0.9053775907040252 0.6608943950454804 0.6397613884845591 0.5508913568365816 0.6243221345302451 0.08402935770053138 0.6121473498918075 0.5893810858147918 0.6709622518440872 0.4758232742927577 1.1736351365101896 0.5383852156321001 0.32384463837166644 0.91624636677441 0.8704500595695578 0.3439318088503015 
0.30792378771190654 0.44647428786886495 0.6151324885841242 0.2881658822869628 0.673487113624479 0.8194095385093504 0.0 0.6150910464774071 0.3606654079256728 0.25596930473455715 0.5025136173089302 0.5729343783408458 0.563222839216199 0.5873952009623888 0.7972875600138636 0.20999575440260548 0.40362984367721727 0.47471006851121683 0.6496259644267678 0.36307387251721773 0.6115435940601642 0.696069232679511 0.40960936809620596 0.49024086639700026 0.5512301473895884 
0.8124347844011102 1.0244177717132479 0.5759556305665664 0.5765124836060014 0.3993852710222508 0.727442385029082 0.6150910464774071 0.0 0.919354384725275 0.8603981027473906 0.9320906083305233 0.97314500871951 0.17995013382722172 0.1035653480202751 0.7708045306929197 0.5666165434531871 0.8001370535646544 0.9165268715157878 0.9280787583444055 0.9127458611848777 0.19016639637847718 0.4128178374334708 0.9887991223111634 1.0323675779857935 0.4078060009899759 
0.12625340893314077 0.476242722069562 0.9677952808841329 0.6297448653851195 1.033305009030815 1.1673553344674226 0.3606654079256728 0.919354384725275 0.0 0.3228167311510931 0.7031953130750698 0.7773175085171784 0.9050261625580884 0.9153941321686246 1.136212240313895 0.5567771012099672 0.6593022276315882 0.6738539303576637 0.9105554573917312 0.019583951478189025 0.9543459928507269 1.0559760449861442 0.45278528059875867 0.5708738721476001 0.9118948297870952 
0.36521105107809293 0.20139242987079747 0.722841428057922 0.39082286162900876 0.8453204727622973 0.9053775907040252 0.25596930473455715 0.8603981027473906 0.3228167311510931 0.0 0.3804267342359257 0.4545009866169014 0.7838163645615253 0.8203337300040124 0.860943396200265 0.34055139466317885 0.3483594757130925 0.3511569298749312 0.5931053844738725 0.33785685523620723 0.8292852138979354 0.8663526432423887 0.1664576556012459 0.27180614505331374 0.7139212537705495 
0.7328106170529134 0.3023632698455695 0.5407809800475714 0.35658562450446135 0.7433465230981491 0.6608943950454804 0.5025136173089302 0.9320906083305233 0.7031953130750698 0.3804267342359257 0.0 0.0747985180418981 0.7918161078348621 0.8552752881091313 0.5931607270211651 0.3864352303820862 0.1319934134186254 0.029729516102851333 0.2335008008806791 0.7179455924068411 0.823388585984292 0.7582305169896842 0.297482959094081 0.2169866619610228 0.6218795943729747 
0.8075793155225147 0.3625136366479162 0.5417224696314011 0.4039463707990558 0.7560856478143163 0.6397613884845591 0.5729343783408458 0.97314500871951 0.7773175085171784 0.4545009866169014 0.0747985180418981 0.0 0.8249193550631566 0.8916481296041489 0.5667455726338188 0.44330003160448306 0.18352767808512827 0.10452503579200634 0.18218893533752842 0.7922288001780903 0.8532560003215282 0.769209353921894 0.3622169658793688 0.2686070647015564 0.6408285494489171 
0.814379089605875 0.9248957484038942 0.39634706378698475 0.4468003893913285 0.23047879218796444 0.5508913568365816 0.563222839216199 0.17995013382722172 0.9050261625580884 0.7838163645615253 0.7918161078348621 0.8249193550631566 0.0 0.07722379930498463 0.591478011692587 0.4576622698323186 0.6616962668250851 0.779800202816062 0.762478159415356 0.9021661265349519 0.04939421654320049 0.24753480612783713 0.8912432927625501 0.9176552943967076 0.2285259841939512 
0.8172697899703307 0.9717178512323823 0.4735257637956332 0.5043808198697826 0.29808322167142354 0.6243221345302451 0.5873952009623888 0.1035653480202751 0.9153941321686246 0.8203337300040124 0.8552752881091313 0.8916481296041489 0.07722379930498463 0.0 0.6672454772261245 0.5060706732622656 0.7240703981057638 0.8417781942813392 0.83581059511454 0.9109113196315614 0.0901539288615448 0.3127490876676411 0.937132783264132 0.9708323032358088 0.3057493806738019 
1.1046096122508922 0.8759436616752582 0.2116292461791058 0.5102221663165402 0.3861636262898109 0.08402935770053138 0.7972875600138636 0.7708045306929197 1.136212240313895 0.860943396200265 0.5931607270211651 0.5667455726338188 0.591478011692587 0.6672454772261245 0.0 0.5875094508637161 0.5324517853931535 0.6054606063949319 0.3975957109799469 1.1437341242807744 0.5851192975392636 0.3818862558101854 0.8592487405934265 0.806214826782037 0.3710806716906354 
0.5171269778912028 0.4672458965960929 0.4110181979624902 0.07853661654454305 0.5055646429107057 0.6121473498918075 0.20999575440260548 0.5666165434531871 0.5567771012099672 0.34055139466317885 0.3864352303820862 0.44330003160448306 0.4576622698323186 0.5060706732622656 0.5875094508637161 0.0 0.2597723670518018 0.36526816368891146 0.47335449042444055 0.5622082639088142 0.49978016550924975 0.5269226228338508 0.4336430514958182 0.4660980996444733 0.3750069881795607 
0.6672064759216099 0.34595073452195463 0.44076818792400346 0.22473047298365195 0.6270475994516599 0.5893810858147918 0.40362984367721727 0.8001370535646544 0.6593022276315882 0.3483594757130925 0.1319934134186254 0.18352767808512827 0.6616962668250851 0.7240703981057638 0.5324517853931535 0.2597723670518018 0.0 0.11813873355552627 0.25408372303192495 0.6714983214067552 0.694556322351683 0.6434678566159621 0.327146157497162 0.29071800746874854 0.5012300491985964 
0.7030836610227381 0.2807731057722462 0.5427774313164985 0.34007924560369024 0.7398268381307967 0.6709622518440872 0.47471006851121683 0.9165268715157878 0.6738539303576637 0.3511569298749312 0.029729516102851333 0.10452503579200634 0.779800202816062 0.8417781942813392 0.6054606063949319 0.36526816368891146 0.11813873355552627 0.0 0.25682282450577393 0.688520284623546 0.8126553214904516 0.7553828630559789 0.27348869340939724 0.20100297182272603 0.616217623574967 
0.9212708735942362 0.5358470785240839 0.4187140538487579 0.40956072441274743 0.6481233876699061 0.4758232742927577 0.6496259644267678 0.9280787583444055 0.9105554573917312 0.5931053844738725 0.2335008008806791 0.18218893533752842 0.762478159415356 0.83581059511454 0.3975957109799469 0.47335449042444055 0.25408372303192495 0.25682282450577393 0.0 0.9234332601867531 0.7817176983143975 0.6571407638734346 0.5302485870916076 0.4473387850198734 0.5513388498512285 
0.11189514797726167 0.49448269259411254 0.9730890233462105 0.6360519403094763 1.0342939329156948 1.1736351365101896 0.36307387251721773 0.9127458611848777 0.019583951478189025 0.33785685523620723 0.7179455924068411 0.7922288001780903 0.9021661265349519 0.9109113196315614 1.1437341242807744 0.5622082639088142 0.6714983214067552 0.688520284623546 0.9234332601867531 0.0 0.9515317867095664 1.0570134949863281 0.47056622355983957 0.5885303203163865 0.9139571964518475 
0.8637239481931237 0.9665264947067044 0.3993528342536757 0.48412992613342665 0.20921940564415917 0.5383852156321001 0.6115435940601642 0.19016639637847718 0.9543459928507269 0.8292852138979354 0.823388585984292 0.8532560003215282 0.04939421654320049 0.0901539288615448 0.5851192975392636 0.49978016550924975 0.694556322351683 0.8126553214904516 0.7817176983143975 0.9515317867095664 0.0 0.2230441061840554 0.93331623042655 0.9561660409773 0.2357195189469232 
0.9847413304190533 0.9634792361660679 0.23905979192526158 0.479239035176844 0.02284393894807851 0.32384463837166644 0.696069232679511 0.4128178374334708 1.0559760449861442 0.8663526432423887 0.7582305169896842 0.769209353921894 0.24753480612783713 0.3127490876676411 0.3818862558101854 0.5269226228338508 0.6434678566159621 0.7553828630559789 0.6571407638734346 1.0570134949863281 0.2230441061840554 0.0 0.9349471320832312 0.9298100700415994 0.15255280435148197 
0.5188702886945418 0.036917774841105803 0.7572404471640091 0.45927144821025034 0.9157287944276536 0.91624636677441 0.40960936809620596 0.9887991223111634 0.45278528059875867 0.1664576556012459 0.297482959094081 0.3622169658793688 0.8912432927625501 0.937132783264132 0.8592487405934265 0.4336430514958182 0.327146157497162 0.27348869340939724 0.5302485870916076 0.47056622355983957 0.93331623042655 0.9349471320832312 0.0 0.11828244624413534 0.783990637687304 
0.6332086903673307 0.10233279212653053 0.7314107362618743 0.4722242019330707 0.9123272799081115 0.8704500595695578 0.49024086639700026 1.0323675779857935 0.5708738721476001 0.27180614505331374 0.2169866619610228 0.2686070647015564 0.9176552943967076 0.9708323032358088 0.806214826782037 0.4660980996444733 0.29071800746874854 0.20100297182272603 0.4473387850198734 0.5885303203163865 0.9561660409773 0.9298100700415994 0.11828244624413534 0.0 0.7833356804068348 
0.847193482386119 0.8131578854387121 0.16827613242803438 0.3269350869317078 0.13215403071697934 0.3439318088503015 0.5512301473895884 0.4078060009899759 0.9118948297870952 0.7139212537705495 0.6218795943729747 0.6408285494489171 0.2285259841939512 0.3057493806738019 0.3710806716906354 0.3750069881795607 0.5012300491985964 0.616217623574967 0.5513388498512285 0.9139571964518475 0.2357195189469232 0.15255280435148197 0.783990637687304 0.7833356804068348 0.0 
