0.0 0.5873664701944586 0.07216154607208133 0.15683922058429536 0.6615038583271312 0.41511947890800105 0.43708423138965163 0.39425964558917953 0.207147935543123 0.503563723630304 0.8738584611593458 0.12780396583054907 0.32772111288214795 0.22718018786655858 0.1913856940723635 0.49588739769548706 0.7426808906545549 0.6576459354750442 0.5450834181320894 0.31626635711889356 0.6017233138397013 0.2783731044883317 0.3570333185106381 0.4879871653641302 0.5590474477526074 
0.5873664701944586 0.0 0.6524959347666593 0.7037366654550011 0.07888983814516928 0.19376753101964544 0.5837909140244748 0.8436813230039377 0.44751853913406253 0.8574544210293935 0.5465850120525448 0.5575383618454232 0.2900147429011803 0.7945322062479309 0.4101342339744792 0.6685677861147723 0.23884473305813111 0.12089105775660414 0.1342573166349804 0.3449331802148633 0.160191012482877 0.49741320689054597 0.8745659875365445 0.1624461884515953 0.41069185677322917 
0.07216154607208133 0.6524959347666593 0.0 0.1534936149152619 0.7252041423702497 0.47454627077377354 0.43721279592080287 0.33843350628495233 0.2780239748306105 0.5252642582842898 0.9448090910424739 0.13851865231114713 0.3829889576950792 0.19547135390770976 0.26295065559379377 0.4851864687468118 0.7971603217350068 0.7172417966227299 0.6022168431510153 0.38840300083836526 0.656813638876136 0.34243466003080186 0.2896675176336581 0.5446831843530779 0.6290526929460817 
0.15683922058429536 0.7037366654550011 0.1534936149152619 0.0 0.7811045508402 0.5489421816302449 0.586461403107788 0.4712058917424729 0.2672388334020127 0.37535002473037415 0.9013934291189951 0.27881714139022945 0.47006859270448226 0.09303627872262818 0.29373516764369695 0.6379268595999379 0.8805769837098604 0.7872864311925842 0.6806930618226693 0.3862746911306247 0.7399091605285939 0.2828935552681595 0.3969280153993296 0.625130979053172 0.5835334318863763 
0.6615038583271312 0.07888983814516928 0.7252041423702497 0.7811045508402 0.0 0.2565728531717299 0.6211523289746285 0.9004253937567095 0.5262347254647739 0.9343217489118744 0.5663063089123948 0.6246842677110729 0.3537463387693913 0.8714546813325876 0.48737046995782624 0.7028937157768388 0.18162972439168876 0.07601473656325561 0.15974451108091386 0.423596611351764 0.15428082038799043 0.575803445381143 0.9377652127575993 0.2064884378773126 0.4705617847529535 
0.41511947890800105 0.19376753101964544 0.47454627077377354 0.5489421816302449 0.2565728531717299 0.0 0.40931241892854203 0.6500700460382154 0.32305976641358675 0.770541725253466 0.6727763957771493 0.3683294946612842 0.0972303798326149 0.6349709238558824 0.26363338253130475 0.49673109478319344 0.3318330956270371 0.24278763638209575 0.1317692052591464 0.26110252691587393 0.1918522515162445 0.4037659151535831 0.6819568338328126 0.0778069501903594 0.4476767517886942 
0.43708423138965163 0.5837909140244748 0.43721279592080287 0.586461403107788 0.6211523289746285 0.40931241892854203 0.0 0.35021314155655 0.5361947954667513 0.9377682537984847 1.0768819295200196 0.30948051490186873 0.34214153165951633 0.6297007130294522 0.46470768442696087 0.08788129848797704 0.5845325354857233 0.5690348136887176 0.4614764971245108 0.5669296650579163 0.4805541746051214 0.6396066943441457 0.4407848233138419 0.421466337441725 0.8167456110525031 
0.39425964558917953 0.8436813230039377 0.33843350628495233 0.4712058917424729 0.9004253937567095 0.6500700460382154 0.35021314155655 0.0 0.5902298181255624 0.8431576414611744 1.242538527656907 0.320608363471329 0.5555910849153307 0.4594288671900578 0.5474265126038163 0.32907286715866013 0.9068505452198694 0.8653466728518376 0.7470923907520928 0.6795035156988679 0.7835571118616277 0.6719565622242607 0.11727595061316334 0.6946411911469436 0.937890721787225 
0.207147935543123 0.44751853913406253 0.2780239748306105 0.2672388334020127 0.5262347254647739 0.32305976641358675 0.5361947954667513 0.5902298181255624 0.0 0.45210725879003416 0.6668209915539435 0.2779692952842426 0.2744814583699837 0.3602739503852829 0.0749893721548031 0.6135442131547061 0.6476880821062686 0.543435742153542 0.44998733752380066 0.11946141315196614 0.5117562427396337 0.10377337634183302 0.5634008576790659 0.4003961967104461 0.35217472975681646 
0.503563723630304 0.8574544210293935 0.5252642582842898 0.37535002473037415 0.9343217489118744 0.770541725253466 0.9377682537984847 0.8431576414611744 0.45210725879003416 0.0 0.8071078772807841 0.630753231450016 0.7262594706573555 0.39076811194730504 0.5229616980443965 0.9994169755475455 1.0814126252895992 0.968932646817809 0.8909605827312743 0.5192238834986588 0.9525775553824548 0.3678982859121879 0.7576034396865352 0.8461150169497141 0.5451028677299184 
0.8738584611593458 0.5465850120525448 0.9448090910424739 0.9013934291189951 0.5663063089123948 0.6727763957771493 1.0768819295200196 1.242538527656907 0.6668209915539435 0.8071078772807841 0.0 0.9219383630508754 0.7357099379580654 0.9871637397335764 0.6965036550782807 1.1647565804244473 0.7395068538493769 0.6419784246394146 0.677659755611681 0.5640227689850881 0.7055256705077999 0.6189721708500232 1.2284915474732498 0.6878764194611164 0.31852852425939965 
0.12780396583054907 0.5575383618454232 0.13851865231114713 0.27881714139022945 0.6246842677110729 0.3683294946612842 0.30948051490186873 0.320608363471329 0.2779692952842426 0.630753231450016 0.9219383630508754 0.0 0.27168018783458553 0.33340349651229834 0.22767847095497507 0.36883146221656915 0.6766341038363572 0.606661918280391 0.4882890201734278 0.35917098395908226 0.538541966916446 0.37096535689952764 0.32184119742195144 0.43097504915211193 0.6188392060865548 
0.32772111288214795 0.2900147429011803 0.3829889576950792 0.47006859270448226 0.3537463387693913 0.0972303798326149 0.34214153165951633 0.5555910849153307 0.2744814583699837 0.7262594706573555 0.7357099379580654 0.27168018783458553 0.0 0.5521990332712222 0.20398025305763096 0.42982618981750803 0.4150765668316096 0.33600095971338717 0.21935875596087762 0.24968886826826786 0.2742523838189584 0.3692350179807103 0.5848704274320697 0.161765520497653 0.47986140862468296 
0.22718018786655858 0.7945322062479309 0.19547135390770976 0.09303627872262818 0.8714546813325876 0.6349709238558824 0.6297007130294522 0.4594288671900578 0.3602739503852829 0.39076811194730504 0.9871637397335764 0.33340349651229834 0.5521990332712222 0.0 0.3844465678761074 0.6711442930013343 0.9656302763284551 0.8752248939159225 0.76640331643829 0.47928648835081117 0.8246556087283194 0.3711746365091438 0.3674574333567806 0.7101074479983702 0.6705498764869668 
0.1913856940723635 0.4101342339744792 0.26295065559379377 0.29373516764369695 0.48737046995782624 0.26363338253130475 0.46470768442696087 0.5474265126038163 0.0749893721548031 0.5229616980443965 0.6965036550782807 0.22767847095497507 0.20398025305763096 0.3844465678761074 0.0 0.5439352392720623 0.5940255993418632 0.4956375217368454 0.3942031388489869 0.13248578524533738 0.4551958142173521 0.17794640669977607 0.5341858009338384 0.3414049179282279 0.39117153943736205 
0.49588739769548706 0.6685677861147723 0.4851864687468118 0.6379268595999379 0.7028937157768388 0.49673109478319344 0.08788129848797704 0.32907286715866013 0.6135442131547061 0.9994169755475455 1.1647565804244473 0.36883146221656915 0.42982618981750803 0.6711442930013343 0.5439352392720623 0.0 0.6543276021945866 0.647739801542931 0.5437165023613417 0.6508780769883704 0.5586216585196673 0.7161263252646982 0.434016394453513 0.5061234753866162 0.9028968245925142 
0.7426808906545549 0.23884473305813111 0.7971603217350068 0.8805769837098604 0.18162972439168876 0.3318330956270371 0.5845325354857233 0.9068505452198694 0.6476880821062686 1.0814126252895992 0.7395068538493769 0.6766341038363572 0.4150765668316096 0.9656302763284551 0.5940255993418632 0.6543276021945866 0.0 0.11801914600285597 0.20013337931651337 0.5623046312560123 0.14102283570318835 0.7149069455451413 0.965060640344899 0.25556365046439866 0.648220890673344 
0.6576459354750442 0.12089105775660414 0.7172417966227299 0.7872864311925842 0.07601473656325561 0.24278763638209575 0.5690348136887176 0.8653466728518376 0.543435742153542 0.968932646817809 0.6419784246394146 0.606661918280391 0.33600095971338717 0.8752248939159225 0.4956375217368454 0.647739801542931 0.11801914600285597 0.0 0.11954431224016664 0.45111270316814384 0.08930976329860947 0.6043312614633038 0.9111163813025023 0.1759252579765519 0.5310293698675348 
0.5450834181320894 0.1342573166349804 0.6022168431510153 0.6806930618226693 0.15974451108091386 0.1317692052591464 0.4614764971245108 0.7470923907520928 0.44998733752380066 0.8909605827312743 0.677659755611681 0.4882890201734278 0.21935875596087762 0.76640331643829 0.3942031388489869 0.5437165023613417 0.20013337931651337 0.11954431224016664 0.0 0.37313314413145726 0.06187650156800573 0.5230826904732081 0.7915872855624855 0.05761251714109155 0.5084733907002367 
0.31626635711889356 0.3449331802148633 0.38840300083836526 0.3862746911306247 0.423596611351764 0.26110252691587393 0.5669296650579163 0.6795035156988679 0.11946141315196614 0.5192238834986588 0.5640227689850881 0.35917098395908226 0.24968886826826786 0.47928648835081117 0.13248578524533738 0.6508780769883704 0.5623046312560123 0.45111270316814384 0.37313314413145726 0.0 0.43432476558256844 0.1532562455845949 0.6657979315079817 0.33217727658862545 0.2614353871386923 
0.6017233138397013 0.160191012482877 0.656813638876136 0.7399091605285939 0.15428082038799043 0.1918522515162445 0.4805541746051214 0.7835571118616277 0.5117562427396337 0.9525775553824548 0.7055256705077999 0.538541966916446 0.2742523838189584 0.8246556087283194 0.4551958142173521 0.5586216585196673 0.14102283570318835 0.08930976329860947 0.06187650156800573 0.43432476558256844 0.0 0.5847398060872121 0.8344906725199023 0.1147857535558794 0.5579418085397189 
0.2783731044883317 0.49741320689054597 0.34243466003080186 0.2828935552681595 0.575803445381143 0.4037659151535831 0.6396066943441457 0.6719565622242607 0.10377337634183302 0.3678982859121879 0.6189721708500232 0.37096535689952764 0.3692350179807103 0.3711746365091438 0.17794640669977607 0.7161263252646982 0.7149069455451413 0.6043312614633038 0.5230826904732081 0.1532562455845949 0.5847398060872121 0.0 0.6320757154298949 0.4785837902417869 0.3007435913443978 
0.3570333185106381 0.8745659875365445 0.2896675176336581 0.3969280153993296 0.9377652127575993 0.6819568338328126 0.4407848233138419 0.11727595061316334 0.5634008576790659 0.7576034396865352 1.2284915474732498 0.32184119742195144 0.5848704274320697 0.3674574333567806 0.5341858009338384 0.434016394453513 0.965060640344899 0.9111163813025023 0.7915872855624855 0.6657979315079817 0.8344906725199023 0.6320757154298949 0.0 0.7362068443835849 0.9155737573561336 
0.4879871653641302 0.1624461884515953 0.5446831843530779 0.625130979053172 0.2064884378773126 0.0778069501903594 0.421466337441725 0.6946411911469436 0.4003961967104461 0.8461150169497141 0.6878764194611164 0.43097504915211193 0.161765520497653 0.7101074479983702 0.3414049179282279 0.5061234753866162 0.25556365046439866 0.1759252579765519 0.05761251714109155 0.33217727658862545 0.1147857535558794 0.4785837902417869 0.7362068443835849 0.0 0.4929780872021649 
0.5590474477526074 0.41069185677322917 0.6290526929460817 0.5835334318863763 0.4705617847529535 0.4476767517886942 0.8167456110525031 0.937890721787225 0.35217472975681646 0.5451028677299184 0.31852852425939965 0.6188392060865548 0.47986140862468296 0.6705498764869668 0.39117153943736205 0.9028968245925142 0.648220890673344 0.5310293698675348 0.5084733907002367 0.2614353871386923 0.5579418085397189 0.3007435913443978 0.9155737573561336 0.4929780872021649 0.0 
