0.0 0.5627870206852827 0.2692587155160288 0.9644875549462316 0.2846769815553667 0.7695642966182972 0.5028717392607451 0.9870433292986103 0.714353895914433 0.8826230713918746 0.6569551865287164 0.8126696483067105 0.35279875950447953 1.0099370844954234 0.7669959340521888 
0.5627870206852827 0.0 0.3481063185024214 0.4165058896767677 0.6639085156140985 0.4922635396805693 0.1780904089847734 0.432166695834704 0.3547153435970482 0.6841820072571687 0.2594915092523009 0.5274099478807855 0.25502390582650764 0.4489722236627344 0.22343672365811 
0.2692587155160288 0.3481063185024214 0.0 0.7158060272065513 0.49257252981974087 0.711419359478649 0.24172056284519733 0.7430681468942397 0.6114941685710391 0.8705478253024866 0.5294022311343181 0.7542337094835124 0.096867825806484 0.7910348015621671 0.5705135805936472 
0.9644875549462316 0.4165058896767677 0.7158060272065513 0.0 1.0794536161316843 0.7307253266603048 0.4760158353408009 0.04426547282038375 0.5938791626235679 0.9177266564494395 0.5304475655251361 0.746151640109072 0.6202886077266598 0.20523487120665188 0.31590292864878305 
0.2846769815553667 0.6639085156140985 0.49257252981974087 1.0794536161316843 0.0 0.6642955447513651 0.6773203464946966 1.0916339705773115 0.6646179614462143 0.7187960562138819 0.6437445357923757 0.7022674992026818 0.5429843537202081 1.0712353397474919 0.8171841829621291 
0.7695642966182972 0.4922635396805693 0.711419359478649 0.7307253266603048 0.6642955447513651 0.0 0.6579473920291661 0.7151200714731962 0.14509743806458159 0.19586924388785762 0.23569196030493067 0.043623273768330154 0.6572250005282425 0.6036934725973985 0.42053880348085937 
0.5028717392607451 0.1780904089847734 0.24172056284519733 0.4760158353408009 0.6773203464946966 0.6579473920291661 0.0 0.5053983734298308 0.5265073484438122 0.8444846538749532 0.43172359981774033 0.695619561965241 0.15012792968504804 0.5708920817297566 0.3848913332158544 
0.9870433292986103 0.432166695834704 0.7430681468942397 0.04426547282038375 1.0916339705773115 0.7151200714731962 0.5053983734298308 0.0 0.5816660056991704 0.8989524887757983 0.5239438873739601 0.7282330248933402 0.6468452366914101 0.16524704320857314 0.3081802850537913 
0.714353895914433 0.3547153435970482 0.6114941685710391 0.5938791626235679 0.6646179614462143 0.14509743806458159 0.5265073484438122 0.5816660056991704 0.0 0.34091408070129153 0.09524800347856437 0.17462544972971797 0.5453640556042175 0.48570851619835664 0.27965809513672174 
0.8826230713918746 0.6841820072571687 0.8705478253024866 0.9177266564494395 0.7187960562138819 0.19586924388785762 0.8444846538749532 0.8989524887757983 0.34091408070129153 0.0 0.43074353093495793 0.17207885260047062 0.8279379757686204 0.7747513782030854 0.6128267280136601 
0.6569551865287164 0.2594915092523009 0.5294022311343181 0.5304475655251361 0.6437445357923757 0.23569196030493067 0.43172359981774033 0.5239438873739601 0.09524800347856437 0.43074353093495793 0.0 0.26862961588893697 0.4577879355074517 0.4511821405442392 0.21576382275978434 
0.8126696483067105 0.5274099478807855 0.7542337094835124 0.746151640109072 0.7022674992026818 0.043623273768330154 0.695619561965241 0.7282330248933402 0.17462544972971797 0.17207885260047062 0.26862961588893697 0.0 0.6988178411149808 0.6091813682828011 0.44095145479521775 
0.35279875950447953 0.25502390582650764 0.096867825806484 0.6202886077266598 0.5429843537202081 0.6572250005282425 0.15012792968504804 0.6468452366914101 0.5453640556042175 0.8279379757686204 0.4577879355074517 0.6988178411149808 0.0 0.6947065791158052 0.4783957997937397 
1.0099370844954234 0.4489722236627344 0.7910348015621671 0.20523487120665188 1.0712353397474919 0.6036934725973985 0.5708920817297566 0.16524704320857314 0.48570851619835664 0.7747513782030854 0.4511821405442392 0.6091813682828011 0.6947065791158052 0.0 0.25406907398987855 
0.7669959340521888 0.22343672365811 0.5705135805936472 0.31590292864878305 0.8171841829621291 0.42053880348085937 0.3848913332158544 0.3081802850537913 0.27965809513672174 0.6128267280136601 0.21576382275978434 0.44095145479521775 0.4783957997937397 0.25406907398987855 0.0 
