0.0 0.8489328030705358 0.02483207056985875 0.6965957612683338 0.4439974616325301 0.6160631612077688 0.40303968452555056 0.1062059514969024 0.09327644679799903 0.7500230847392242 0.5883016523351945 0.7146736551488875 0.5222284949317862 0.21776403439585346 0.34877683298561646 
0.8489328030705358 0.0 0.8325492814725314 0.33210096953610807 0.49835064239803495 0.26092395105150606 0.5144300283002742 0.7594551959834945 0.8589297790915347 0.2738161882594037 0.40814042856018784 0.32355692680214987 0.5114647586455597 0.786989343406875 0.7883708797515747 
0.02483207056985875 0.8325492814725314 0.0 0.674356957604464 0.43841981921486484 0.6030547673476458 0.39666838621140627 0.08285594375098879 0.07770694502265452 0.7285508695795376 0.5654234507798621 0.6924992628044375 0.4981385339736761 0.22912613899638307 0.360426680594673 
0.6965957612683338 0.33210096953610807 0.674356957604464 0.0 0.5297071883114544 0.36420648519857907 0.5177285020061102 0.5917603790374983 0.6718908285520395 0.07103579464677966 0.11534496248701696 0.018552499234258092 0.2167384795419148 0.7240141893452215 0.7802916099538193 
0.4439974616325301 0.49835064239803495 0.43841981921486484 0.5297071883114544 0.0 0.23765612176131345 0.04362213251297342 0.3980052455342339 0.49774255393068334 0.5433134996677498 0.47873306957201117 0.5411387288857387 0.5003254027594646 0.3067226867418847 0.2900209302533196 
0.6160631612077688 0.26092395105150606 0.6030547673476458 0.36420648519857907 0.23765612176131345 0.0 0.2541977831437034 0.5389718648505917 0.6425314088967504 0.35244191449510476 0.36326688091816833 0.36940001862253835 0.4326108606015908 0.5297060834683974 0.527621976647046 
0.40303968452555056 0.5144300283002742 0.39666838621140627 0.5177285020061102 0.04362213251297342 0.2541977831437034 0.0 0.35465681246640096 0.4548225141847231 0.5368759251948244 0.45847158347871153 0.5302845180480217 0.4720731388597411 0.2779655052769285 0.2787668205429488 
0.1062059514969024 0.7594551959834945 0.08285594375098879 0.5917603790374983 0.3980052455342339 0.5389718648505917 0.35465681246640096 0.0 0.1039563683622856 0.6466045540924392 0.48257534752483394 0.6099428045973273 0.4163102379031149 0.2534706930356214 0.37967682512920875 
0.09327644679799903 0.8589297790915347 0.07770694502265452 0.6718908285520395 0.49774255393068334 0.6425314088967504 0.4548225141847231 0.1039563683622856 0.0 0.7308358266001839 0.5590508673159424 0.6903565487948714 0.48035760367678354 0.3067984187572489 0.4380834320933556 
0.7500230847392242 0.2738161882594037 0.7285508695795376 0.07103579464677966 0.5433134996677498 0.35244191449510476 0.5368759251948244 0.6466045540924392 0.7308358266001839 0.0 0.1823204709237865 0.055737355578245974 0.2865308344116692 0.7613920249247063 0.8077272822381206 
0.5883016523351945 0.40814042856018784 0.5654234507798621 0.11534496248701696 0.47873306957201117 0.36326688091816833 0.45847158347871153 0.48257534752483394 0.5590508673159424 0.1823204709237865 0.0 0.133829715947446 0.10691869629200798 0.6342396939423598 0.7034505749980086 
0.7146736551488875 0.32355692680214987 0.6924992628044375 0.018552499234258092 0.5411387288857387 0.36940001862253835 0.5302845180480217 0.6099428045973273 0.6903565487948714 0.055737355578245974 0.133829715947446 0.0 0.23449018355935095 0.740034474250972 0.794652615135858 
0.5222284949317862 0.5114647586455597 0.4981385339736761 0.2167384795419148 0.5003254027594646 0.4326108606015908 0.4720731388597411 0.4163102379031149 0.48035760367678354 0.2865308344116692 0.10691869629200798 0.23449018355935095 0.0 0.6018194580705309 0.6878314376808956 
0.21776403439585346 0.786989343406875 0.22912613899638307 0.7240141893452215 0.3067226867418847 0.5297060834683974 0.2779655052769285 0.2534706930356214 0.3067984187572489 0.7613920249247063 0.6342396939423598 0.740034474250972 0.6018194580705309 0.0 0.1313086030614976 
0.34877683298561646 0.7883708797515747 0.360426680594673 0.7802916099538193 0.2900209302533196 0.527621976647046 0.2787668205429488 0.37967682512920875 0.4380834320933556 0.8077272822381206 0.7034505749980086 0.794652615135858 0.6878314376808956 0.1313086030614976 0.0 
