0.0 0.5911830434157449 0.5691798627970334 0.46042586881766734 0.39941852912449577 0.5859405510094137 0.2640760965144491 0.2764105428959199 0.4077390710587987 0.45877918362952214 0.7484323122249632 0.4091506417583686 0.6047210458703178 0.21988135622161392 0.4389811989070793 
0.5911830434157449 0.0 1.110384336768213 0.9032895155987154 0.9514169264989707 0.8120938181119096 0.47986547317494066 0.36606531275917165 0.59796450445552 1.0260314219315942 1.3353794328739894 0.9987567591205233 1.1553707015920576 0.4990698283166112 0.7860061418360982 
0.5691798627970334 1.110384336768213 0.0 0.7679830961517166 0.1698858307854123 0.568963846652931 0.8233735937408466 0.7452254034555053 0.9276290407866714 0.13669984774611202 0.33068169468355396 0.2778053365349207 0.05298943261306285 0.6142655140648591 0.42592171768905 
0.46042586881766734 0.9032895155987154 0.7679830961517166 0.0 0.6358586615971242 1.0217145285393252 0.42352413860839144 0.7041701971977463 0.34967125940347304 0.6318548615682643 0.742520052536544 0.4923516899602019 0.7730891109943197 0.6791835453524449 0.8548277275345951 
0.39941852912449577 0.9514169264989707 0.1698858307854123 0.6358586615971242 0.0 0.516967790539772 0.6540501206178649 0.5893330724174513 0.7634949396057695 0.08562498685920943 0.41552038152253745 0.18512041476316207 0.2069706198734119 0.46237689154492234 0.34718961392397757 
0.5859405510094137 0.8120938181119096 0.568963846652931 1.0217145285393252 0.516967790539772 0.0 0.80630423600328 0.5101876247230006 0.9761556540208244 0.5939611853711692 0.8974319174959329 0.6921420405572654 0.6208673403675978 0.4165479233123575 0.17685505642749583 
0.2640760965144491 0.47986547317494066 0.8233735937408466 0.42352413860839144 0.6540501206178649 0.80630423600328 0.0 0.34568748260352045 0.1768653588207101 0.7029006732337366 0.957206947533678 0.6218310868095676 0.8542695599237748 0.3920210084158204 0.6822610768011763 
0.2764105428959199 0.36606531275917165 0.7452254034555053 0.7041701971977463 0.5893330724174513 0.5101876247230006 0.34568748260352045 0.0 0.5218848335620901 0.6670584512774405 0.9857360523095594 0.6579617357430729 0.7911197662858039 0.1333726337148824 0.43896952999306305 
0.4077390710587987 0.59796450445552 0.9276290407866714 0.34967125940347304 0.7634949396057695 0.9761556540208244 0.1768653588207101 0.5218848335620901 0.0 0.7974937272438836 1.0080020598247865 0.6916242451101825 0.951076650160944 0.5655403105189883 0.842981999407555 
0.45877918362952214 1.0260314219315942 0.13669984774611202 0.6318548615682643 0.08562498685920943 0.5939611853711692 0.7029006732337366 0.6670584512774405 0.7974937272438836 0.0 0.33012767534523385 0.14553259611664465 0.15359213769936902 0.5427108472844195 0.4281189636592878 
0.7484323122249632 1.3353794328739894 0.33068169468355396 0.742520052536544 0.41552038152253745 0.8974319174959329 0.957206947533678 0.9857360523095594 1.0080020598247865 0.33012767534523385 0.0 0.3402341013224094 0.28165382069344774 0.8668209959588137 0.7447604899580921 
0.4091506417583686 0.9987567591205233 0.2778053365349207 0.4923516899602019 0.18512041476316207 0.6921420405572654 0.6218310868095676 0.6579617357430729 0.6916242451101825 0.14553259611664465 0.3402341013224094 0.0 0.28083579638806183 0.5488428034476507 0.5173198759285011 
0.6047210458703178 1.1553707015920576 0.05298943261306285 0.7730891109943197 0.2069706198734119 0.6208673403675978 0.8542695599237748 0.7911197662858039 0.951076650160944 0.15359213769936902 0.28165382069344774 0.28083579638806183 0.0 0.6611705726888862 0.4789111480564808 
0.21988135622161392 0.4990698283166112 0.6142655140648591 0.6791835453524449 0.46237689154492234 0.4165479233123575 0.3920210084158204 0.1333726337148824 0.5655403105189883 0.5427108472844195 0.8668209959588137 0.5488428034476507 0.6611705726888862 0.0 0.3170465048797444 
0.4389811989070793 0.7860061418360982 0.42592171768905 0.8548277275345951 0.34718961392397757 0.17685505642749583 0.6822610768011763 0.43896952999306305 0.842981999407555 0.4281189636592878 0.7447604899580921 0.5173198759285011 0.4789111480564808 0.3170465048797444 0.0 
