0.0 0.10528574755558426 0.36703380199791397 0.42327817145119667 0.2763265612183079 0.26296225174729165 0.32953037476026775 0.5603543444894501 0.45314405384562895 0.247452664208769 0.23363448096549147 0.45861613282793723 0.2063294819198604 0.6384745334563398 0.5829375804299474 
0.10528574755558426 0.0 0.2631340073251933 0.43301323607867187 0.30370921352632285 0.1578050114745398 0.3745736772106395 0.5781354448231448 0.42577561041729145 0.1568194704341097 0.2999740971285719 0.48363709581622294 0.16276023757829808 0.6664369594270502 0.6764552097449719 
0.36703380199791397 0.2631340073251933 0.0 0.588978586978482 0.44717740550492185 0.1174679121835349 0.5319127695369893 0.7324424829096201 0.5109192735247845 0.20277341872485533 0.5419138146056801 0.6586894607773246 0.2594123852996682 0.8325180464229972 0.9337693440314832 
0.42327817145119667 0.43301323607867187 0.588978586978482 0.0 0.6993812966843294 0.48263814492010637 0.7460145486737992 0.14690679947815752 0.15383318176043365 0.387869945428423 0.2547650642592167 0.07900721603239953 0.5954971793719024 0.24382019436721314 0.536923316610472 
0.2763265612183079 0.30370921352632285 0.44717740550492185 0.6993812966843294 0.0 0.4037586319406105 0.08481266155899957 0.8343064895022665 0.7220379320700959 0.45013069733494365 0.4873855866516062 0.7310626893001958 0.19005542607023276 0.9076494087647345 0.7428703173039044 
0.26296225174729165 0.1578050114745398 0.1174679121835349 0.48263814492010637 0.4037586319406105 0.0 0.48534354502861266 0.6283012897385847 0.4222683010252516 0.09628718694003575 0.4246533281240549 0.5490920231258873 0.21716498062016623 0.7263500310271592 0.818193199672954 
0.32953037476026775 0.3745736772106395 0.5319127695369893 0.7460145486737992 0.08481266155899957 0.48534354502861266 0.0 0.8749910399972648 0.7821339945368173 0.5260499972600146 0.5180314644951761 0.7703635051785132 0.27407409994999804 0.9418758240352166 0.7283722008403771 
0.5603543444894501 0.5781354448231448 0.7324424829096201 0.14690679947815752 0.8343064895022665 0.6283012897385847 0.8749910399972648 0.0 0.25124854727261736 0.532895039579159 0.36276919680928255 0.1050986000160003 0.7400710926981365 0.10304273142033121 0.5363244509705312 
0.45314405384562895 0.42577561041729145 0.5109192735247845 0.15383318176043365 0.7220379320700959 0.4222683010252516 0.7821339945368173 0.25124854727261736 0.0 0.3274820344400305 0.3568284932499284 0.2286598281903444 0.58354877961488 0.3535102498643776 0.6865586912047272 
0.247452664208769 0.1568194704341097 0.20277341872485533 0.387869945428423 0.45013069733494365 0.09628718694003575 0.5260499972600146 0.532895039579159 0.3274820344400305 0.0 0.35751337061171395 0.4562022981102439 0.2780440716925736 0.6316895500342522 0.7572716982085057 
0.23363448096549147 0.2999740971285719 0.5419138146056801 0.2547650642592167 0.4873855866516062 0.4246533281240549 0.5180314644951761 0.36276919680928255 0.3568284932499284 0.35751337061171395 0.0 0.2578450475757102 0.43858788219978273 0.42389863968154257 0.4003655335838643 
0.45861613282793723 0.48363709581622294 0.6586894607773246 0.07900721603239953 0.7310626893001958 0.5490920231258873 0.7703635051785132 0.1050986000160003 0.2286598281903444 0.4562022981102439 0.2578450475757102 0.0 0.6439410106662024 0.18280166064825693 0.47732790480623566 
0.2063294819198604 0.16276023757829808 0.2594123852996682 0.5954971793719024 0.19005542607023276 0.21716498062016623 0.27407409994999804 0.7400710926981365 0.58354877961488 0.2780440716925736 0.43858788219978273 0.6439410106662024 0.0 0.8265967309722918 0.7784322010389453 
0.6384745334563398 0.6664369594270502 0.8325180464229972 0.24382019436721314 0.9076494087647345 0.7263500310271592 0.9418758240352166 0.10304273142033121 0.3535102498643776 0.6316895500342522 0.42389863968154257 0.18280166064825693 0.8265967309722918 0.0 0.5135534837103447 
0.5829375804299474 0.6764552097449719 0.9337693440314832 0.536923316610472 0.7428703173039044 0.818193199672954 0.7283722008403771 0.5363244509705312 0.6865586912047272 0.7572716982085057 0.4003655335838643 0.47732790480623566 0.7784322010389453 0.5135534837103447 0.0 
