0.0 1.0051017222530396 0.32648834034937846 0.40375904369256466 0.3754393181875376 0.8138435284130703 0.4878570866175406 0.4341383008506531 0.7896045900059855 0.39004335989642824 0.320597265446227 0.986266951055088 0.6484905776185228 0.8748319864285836 0.8411941293022318 
1.0051017222530396 0.0 0.7350678688631077 0.7642269453806034 0.6321632169063338 0.6004675425045347 0.51849791187458 1.0578419190736743 0.42231870370950825 0.6694541664156128 0.7292233346563598 0.6352876019956896 0.457651112145254 0.20141634298003547 0.8538278681517872 
0.32648834034937846 0.7350678688631077 0.0 0.4337693709601284 0.20931075579842037 0.7391213528539634 0.2394096485421769 0.6381658653964366 0.6427808198055689 0.3243105162017172 0.017718281097675478 0.9026259816377125 0.49941055843552856 0.576457369401225 0.8631445856233138 
0.40375904369256466 0.7642269453806034 0.4337693709601284 0.0 0.2564371436920939 0.4156346601916876 0.3596524376183754 0.29692124754868965 0.432500231697826 0.13225557125670537 0.4161818740959207 0.5865698681827404 0.3185555095087556 0.708321193889529 0.4508841491078247 
0.3754393181875376 0.6321632169063338 0.20931075579842037 0.2564371436920939 0.0 0.5309593115487758 0.12795877594646501 0.5197489507024304 0.4488457319388662 0.1280150789595073 0.19242932194087767 0.696638118872049 0.3027275421448381 0.5203028822038561 0.6587444503201899 
0.8138435284130703 0.6004675425045347 0.7391213528539634 0.4156346601916876 0.5309593115487758 0.0 0.5373666198812194 0.615398891233705 0.18527816224052646 0.4406840783699996 0.7227254224268733 0.17260806519853106 0.2633262685105375 0.6632628358606878 0.25367280901387146 
0.4878570866175406 0.51849791187458 0.2394096485421769 0.3596524376183754 0.12795877594646501 0.5373666198812194 0.0 0.6399648187046814 0.41452559607563483 0.22807574014287801 0.22822273344823563 0.6892530965914168 0.27910597932538694 0.39389107006944685 0.7074892757886913 
0.4341383008506531 1.0578419190736743 0.6381658653964366 0.29692124754868965 0.5197489507024304 0.615398891233705 0.6399648187046814 0.0 0.6943041045044005 0.4162640396520531 0.6229550427854923 0.7638207398182022 0.6039947995344566 1.004435720094043 0.5167872217251948 
0.7896045900059855 0.42231870370950825 0.6427808198055689 0.432500231697826 0.4488457319388662 0.18527816224052646 0.41452559607563483 0.6943041045044005 0.0 0.3996456337202916 0.6283852144933143 0.28772149636159056 0.14619428811864757 0.4786547327105415 0.43441392835434073 
0.39004335989642824 0.6694541664156128 0.3243105162017172 0.13225557125670537 0.1280150789595073 0.4406840783699996 0.22807574014287801 0.4162640396520531 0.3996456337202916 0.0 0.3066509285369901 0.612096314751723 0.26071221446579096 0.5917414592502895 0.5390249842819873 
0.320597265446227 0.7292233346563598 0.017718281097675478 0.4161818740959207 0.19242932194087767 0.7227254224268733 0.22822273344823563 0.6229550427854923 0.6283852144933143 0.3066509285369901 0.0 0.8867204878225907 0.484527630525381 0.573961691866837 0.8455283651890518 
0.986266951055088 0.6352876019956896 0.9026259816377125 0.5865698681827404 0.696638118872049 0.17260806519853106 0.6892530965914168 0.7638207398182022 0.28772149636159056 0.612096314751723 0.8867204878225907 0.0 0.4101480698405418 0.7430685817883519 0.30615778324178883 
0.6484905776185228 0.457651112145254 0.49941055843552856 0.3185555095087556 0.3027275421448381 0.2633262685105375 0.27910597932538694 0.6039947995344566 0.14619428811864757 0.26071221446579096 0.484527630525381 0.4101480698405418 0.0 0.44930573075064584 0.4701004798108207 
0.8748319864285836 0.20141634298003547 0.576457369401225 0.708321193889529 0.5203028822038561 0.6632628358606878 0.39389107006944685 1.004435720094043 0.4786547327105415 0.5917414592502895 0.573961691866837 0.7430685817883519 0.44930573075064584 0.0 0.9048579751911997 
0.8411941293022318 0.8538278681517872 0.8631445856233138 0.4508841491078247 0.6587444503201899 0.25367280901387146 0.7074892757886913 0.5167872217251948 0.43441392835434073 0.5390249842819873 0.8455283651890518 0.30615778324178883 0.4701004798108207 0.9048579751911997 0.0 
