0.0 0.5816978085733431 0.5244440858181258 0.40271209255087 0.3271788376649076 0.45222635915892856 0.5331277010700621 0.7609356916210341 0.6920800212163856 0.695013169204533 0.41909157627112537 0.5304439544585694 0.26953514205182927 0.552618475875768 0.6563547188045894 
0.5816978085733431 0.0 0.21708183830507702 0.6028981910700566 0.8632828283893101 0.41574245569963003 0.6309982074587639 0.45823282726925596 0.40064792997638626 0.34098518731555294 0.23222509113787734 0.7231799985319421 0.3140108574462959 0.26523526132728703 0.5390279292321765 
0.5244440858181258 0.21708183830507702 0.0 0.4149349537839289 0.8436119605845619 0.21069895094126984 0.4212034896537185 0.28895152594801016 0.6005647843884779 0.18771970911821056 0.10735581161897012 0.5204862651573048 0.2779041089021159 0.44518206671193405 0.3250556050874112 
0.40271209255087 0.6028981910700566 0.4149349537839289 0.0 0.6965500020466109 0.21012014547761146 0.13477184864449662 0.4955645132895284 0.9035565825472871 0.49036378506224315 0.3711954402086773 0.143049720553665 0.39208730907431966 0.7375063820525907 0.3196131069686704 
0.3271788376649076 0.8632828283893101 0.8436119605845619 0.6965500020466109 0.0 0.7778741932794022 0.8312953343820095 1.0880745831728316 0.8459795844028822 1.019612628264634 0.7365116430030496 0.8015376953801389 0.5722250840688573 0.7521603107978952 0.9777833170325959 
0.45222635915892856 0.41574245569963003 0.21069895094126984 0.21012014547761146 0.7778741932794022 0.0 0.21557893250303217 0.3203042742537983 0.7626857314672855 0.28864357975928073 0.19845305674823613 0.31008387303731744 0.3024151267088978 0.5975300926267885 0.21164371557756465 
0.5331277010700621 0.6309982074587639 0.4212034896537185 0.13477184864449662 0.8312953343820095 0.21557893250303217 0.0 0.41702364553409377 0.9712085169951459 0.4419750394021358 0.41156201377460505 0.1129968061654997 0.4798600911880856 0.8049005903251307 0.21895996700756187 
0.7609356916210341 0.45823282726925596 0.28895152594801016 0.4955645132895284 1.0880745831728316 0.3203042742537983 0.41702364553409377 0.0 0.8588572602428772 0.11737971498172624 0.38314057298249293 0.5290826888799135 0.5512943559753994 0.7167113459633306 0.20392652058761673 
0.6920800212163856 0.40064792997638626 0.6005647843884779 0.9035565825472871 0.8459795844028822 0.7626857314672855 0.9712085169951459 0.8588572602428772 0.0 0.7415561375944113 0.5649177587030032 1.0420373272605679 0.5166440194975332 0.1665825747839973 0.9244801684761648 
0.695013169204533 0.34098518731555294 0.18771970911821056 0.49036378506224315 1.019612628264634 0.28864357975928073 0.4419750394021358 0.11737971498172624 0.7415561375944113 0.0 0.2914202614341456 0.5542953585102022 0.4630612037212216 0.6007981762438935 0.25934156424740623 
0.41909157627112537 0.23222509113787734 0.10735581161897012 0.3711954402086773 0.7365116430030496 0.19845305674823613 0.41156201377460505 0.38314057298249293 0.5649177587030032 0.2914202614341456 0.0 0.49585839794587067 0.1716726026134526 0.4006711964619654 0.37303186901717955 
0.5304439544585694 0.7231799985319421 0.5204862651573048 0.143049720553665 0.8015376953801389 0.31008387303731744 0.1129968061654997 0.5290826888799135 1.0420373272605679 0.5542953585102022 0.49585839794587067 0.0 0.5339597611557148 0.8755780458220574 0.32847308297530126 
0.26953514205182927 0.3140108574462959 0.2779041089021159 0.39208730907431966 0.5722250840688573 0.3024151267088978 0.4798600911880856 0.5512943559753994 0.5166440194975332 0.4630612037212216 0.1716726026134526 0.5339597611557148 0.0 0.35339245486713994 0.5087543126201967 
0.552618475875768 0.26523526132728703 0.44518206671193405 0.7375063820525907 0.7521603107978952 0.5975300926267885 0.8049005903251307 0.7167113459633306 0.1665825747839973 0.6007981762438935 0.4006711964619654 0.8755780458220574 0.35339245486713994 0.0 0.7656877850851115 
0.6563547188045894 0.5390279292321765 0.3250556050874112 0.3196131069686704 0.9777833170325959 0.21164371557756465 0.21895996700756187 0.20392652058761673 0.9244801684761648 0.25934156424740623 0.37303186901717955 0.32847308297530126 0.5087543126201967 0.7656877850851115 0.0 
