0.0 0.21298982129054142 0.07543192613757424 1.0251173190790053 0.5840991927925606 0.18185959897524093 0.5951965689612752 0.3465037634628747 0.6951324333549949 0.3676808730475522 0.42905198829222246 0.7558207978923448 0.5037852884808373 0.3240107847003109 0.9981857269082883 
0.21298982129054142 0.0 0.17013886817954715 0.8989973803879997 0.4135861922002223 0.06454911904719236 0.6833927909776027 0.3794721217510497 0.6354099560302557 0.29104525161175543 0.3861525036077197 0.5952970773152987 0.39087659429216737 0.31947331475797525 0.8622090434109058 
0.07543192613757424 0.17013886817954715 0.0 1.0347597560851427 0.5712523861883789 0.12249311531400608 0.6627148950358351 0.3975765140232366 0.7262885169920755 0.3864738919256812 0.4608610737139398 0.7490380435836018 0.5139604392390521 0.36351037279190573 1.0036141319093352 
1.0251173190790053 0.8989973803879997 1.0347597560851427 0.0 0.5078684885331287 0.9632429237774742 0.8572716443771732 0.7580207768959047 0.4079588558024978 0.6585286718700056 0.6213233735996084 0.3375035438257259 0.5217877407634243 0.7313100265102155 0.06398493927189748 
0.5840991927925606 0.4135861922002223 0.5712523861883789 0.5078684885331287 0.0 0.47754811203051034 0.7213760249220894 0.4583675596781474 0.39968167848056435 0.28085287147675814 0.33070761205088406 0.1830153832749408 0.17929646100333674 0.3926720745348872 0.462141163220078 
0.18185959897524093 0.06454911904719236 0.12249311531400608 0.9632429237774742 0.47754811203051034 0.0 0.7084110562751224 0.413581677394779 0.6923056550540435 0.3462308817994865 0.43732181152965616 0.6595484833663303 0.45292946184717214 0.360446194387224 0.9267077695980384 
0.5951965689612752 0.6833927909776027 0.6627148950358351 0.8572716443771732 0.7213760249220894 0.7084110562751224 0.0 0.3111659810670613 0.4547975254642909 0.4763873704146368 0.39468797954015444 0.7856122846715458 0.5422583221114592 0.38312545700365613 0.8695154396028741 
0.3465037634628747 0.3794721217510497 0.3975765140232366 0.7580207768959047 0.4583675596781474 0.413581677394779 0.3111659810670613 0.0 0.37627440371479043 0.18227905885504725 0.14468176538385286 0.5733650880059171 0.2944344052065318 0.07428459560670492 0.7471879884309276 
0.6951324333549949 0.6354099560302557 0.7262885169920755 0.4079588558024978 0.39968167848056435 0.6923056550540435 0.4547975254642909 0.37627440371479043 0.0 0.3462993376758553 0.2663032601777638 0.37535832888556886 0.26679037844315845 0.3729514765955863 0.41527086119796375 
0.3676808730475522 0.29104525161175543 0.3864738919256812 0.6585286718700056 0.28085287147675814 0.3462308817994865 0.4763873704146368 0.18227905885504725 0.3462993376758553 0.0 0.10134988032101047 0.4176176429527303 0.14175546126829036 0.11237795240324633 0.6346183362012967 
0.42905198829222246 0.3861525036077197 0.4608610737139398 0.6213233735996084 0.33070761205088406 0.43732181152965616 0.39468797954015444 0.14468176538385286 0.2663032601777638 0.10134988032101047 0.0 0.43033636046581597 0.1559658588039412 0.11117515045445027 0.6067044325445755 
0.7558207978923448 0.5952970773152987 0.7490380435836018 0.3375035438257259 0.1830153832749408 0.6595484833663303 0.7856122846715458 0.5733650880059171 0.37535832888556886 0.4176176429527303 0.43033636046581597 0.0 0.2808901063550323 0.5200993076037503 0.285641883359012 
0.5037852884808373 0.39087659429216737 0.5139604392390521 0.5217877407634243 0.17929646100333674 0.45292946184717214 0.5422583221114592 0.2944344052065318 0.26679037844315845 0.14175546126829036 0.1559658588039412 0.2808901063550323 0.0 0.23924175593884817 0.4947722663538465 
0.3240107847003109 0.31947331475797525 0.36351037279190573 0.7313100265102155 0.3926720745348872 0.360446194387224 0.38312545700365613 0.07428459560670492 0.3729514765955863 0.11237795240324633 0.11117515045445027 0.5200993076037503 0.23924175593884817 0.0 0.7147057034835619 
0.9981857269082883 0.8622090434109058 1.0036141319093352 0.06398493927189748 0.462141163220078 0.9267077695980384 0.8695154396028741 0.7471879884309276 0.41527086119796375 0.6346183362012967 0.6067044325445755 0.285641883359012 0.4947722663538465 0.7147057034835619 0.0 
