0.0 0.18410990909950184 0.4750437543682484 0.4640737159532376 0.47357133206959984 0.41896044902739393 0.6667255709129413 0.5900763547916351 0.5184979310534582 0.4232444047952291 0.8301735377494256 0.4618484307258044 0.5181844524872312 0.7347890095768271 0.5989560838856282 
0.18410990909950184 0.0 0.3588031642281748 0.6342249355060892 0.6506550846903711 0.568036689686338 0.8483203530774136 0.7713209897107597 0.6925113594812569 0.33092004538259884 0.9220831910885436 0.3310485004411111 0.66353213036345 0.8463686892122855 0.6194504229770139 
0.4750437543682484 0.3588031642281748 0.0 0.7783530254067821 0.9297291732833147 0.8939568293952347 1.0283885056610143 1.0292491617365533 0.9793000140700194 0.07414528519327553 0.8271035570995645 0.04766695634067682 0.7309509097771668 0.804191264847343 0.4356046746277364 
0.4640737159532376 0.6342249355060892 0.7783530254067821 0.0 0.36003916937819475 0.5030083623850222 0.2535991416807364 0.36367420131351885 0.4074260948306524 0.7051753808916018 0.5526357395157319 0.7918084555214486 0.15692597365276734 0.41875358639689764 0.5888582742449058 
0.47357133206959984 0.6506550846903711 0.9297291732833147 0.36003916937819475 0.0 0.1937321851247613 0.34438061312402446 0.13363480648322387 0.05397651220054765 0.8669842903390094 0.9125408497521865 0.9247826291448885 0.5153405417988842 0.778735317597433 0.8867796866573303 
0.41896044902739393 0.568036689686338 0.8939568293952347 0.5030083623850222 0.1937321851247613 0.0 0.536268307488886 0.31737943123399254 0.1943139089767358 0.8411991581311259 1.040147225912267 0.8792680283832929 0.6462238122451485 0.9125577311577922 0.9432553444172983 
0.6667255709129413 0.8483203530774136 1.0283885056610143 0.2535991416807364 0.34438061312402446 0.536268307488886 0.0 0.2543432289003557 0.3640724130197043 0.9558542896636055 0.7030263691701921 1.0393509233369602 0.36569728485968966 0.5679419691769072 0.8287221024680438 
0.5900763547916351 0.7713209897107597 1.0292491617365533 0.36367420131351885 0.13363480648322387 0.31737943123399254 0.2543432289003557 0.0 0.12444035876830346 0.9629938609739143 0.9039448220482735 1.0285279177239453 0.5184366017614142 0.7672431920844607 0.9363918780969339 
0.5184979310534582 0.6925113594812569 0.9793000140700194 0.4074260948306524 0.05397651220054765 0.1943139089767358 0.3640724130197043 0.12444035876830346 0.0 0.9174384243082648 0.9599385704116606 0.9732295213721457 0.5637276663073315 0.8253087109853653 0.9406524020922027 
0.4232444047952291 0.33092004538259884 0.07414528519327553 0.7051753808916018 0.8669842903390094 0.8411991581311259 0.9558542896636055 0.9629938609739143 0.9174384243082648 0.0 0.7647259859766307 0.10291934339484053 0.6568883362889275 0.7358717245241413 0.381545999370958 
0.8301735377494256 0.9220831910885436 0.8271035570995645 0.5526357395157319 0.9125408497521865 1.040147225912267 0.7030263691701921 0.9039448220482735 0.9599385704116606 0.7647259859766307 0.0 0.8665105239163488 0.3977708236273335 0.1368997176314871 0.4013227581750202 
0.4618484307258044 0.3310485004411111 0.04766695634067682 0.7918084555214486 0.9247826291448885 0.8792680283832929 1.0393509233369602 1.0285279177239453 0.9732295213721457 0.10291934339484053 0.8665105239163488 0.0 0.753140650635695 0.838772389827884 0.47866031324340763 
0.5181844524872312 0.66353213036345 0.7309509097771668 0.15692597365276734 0.5153405417988842 0.6462238122451485 0.36569728485968966 0.5184366017614142 0.5637276663073315 0.6568883362889275 0.3977708236273335 0.753140650635695 0.0 0.2666311585682275 0.46543167132624985 
0.7347890095768271 0.8463686892122855 0.804191264847343 0.41875358639689764 0.778735317597433 0.9125577311577922 0.5679419691769072 0.7672431920844607 0.8253087109853653 0.7358717245241413 0.1368997176314871 0.838772389827884 0.2666311585682275 0.0 0.41214337670069423 
0.5989560838856282 0.6194504229770139 0.4356046746277364 0.5888582742449058 0.8867796866573303 0.9432553444172983 0.8287221024680438 0.9363918780969339 0.9406524020922027 0.381545999370958 0.4013227581750202 0.47866031324340763 0.46543167132624985 0.41214337670069423 0.0 
